trend,url,promoted_content,query,tweet_volume,place,woeid,as_of,created_at
49ers,http://twitter.com/search?q=49ers,NA,49ers,298512,Acapulco,110978,2023-01-30T05:28:04Z,2023-01-28T20:25:19Z
49ers,http://twitter.com/search?q=49ers,NA,49ers,298512,Acapulco,110978,2023-01-30T05:28:04Z,2023-01-28T20:25:19Z
#esland2023,http://twitter.com/search?q=%23esland2023,NA,%23esland2023,83484,Acapulco,110978,2023-01-30T05:28:04Z,2023-01-28T20:25:19Z
Germán,http://twitter.com/search?q=Germ%C3%A1n,NA,Germ%C3%A1n,116307,Acapulco,110978,2023-01-30T05:28:04Z,2023-01-28T20:25:19Z
#FTTB,http://twitter.com/search?q=%23FTTB,NA,%23FTTB,34249,Acapulco,110978,2023-01-30T05:28:04Z,2023-01-28T20:25:19Z
Purdy,http://twitter.com/search?q=Purdy,NA,Purdy,105454,Acapulco,110978,2023-01-30T05:28:04Z,2023-01-28T20:25:19Z
Diana,http://twitter.com/search?q=Diana,NA,Diana,45768,Acapulco,110978,2023-01-30T05:28:04Z,2023-01-28T20:25:19Z
#NFLxFSMX,http://twitter.com/search?q=%23NFLxFSMX,NA,%23NFLxFSMX,NA,Acapulco,110978,2023-01-30T05:28:04Z,2023-01-28T20:25:19Z
Jhayco,http://twitter.com/search?q=Jhayco,NA,Jhayco,NA,Acapulco,110978,2023-01-30T05:28:04Z,2023-01-28T20:25:19Z
Vicky,http://twitter.com/search?q=Vicky,NA,Vicky,30453,Acapulco,110978,2023-01-30T05:28:04Z,2023-01-28T20:25:19Z
#NFLPlayoffsEnTUDN,http://twitter.com/search?q=%23NFLPlayoffsEnTUDN,NA,%23NFLPlayoffsEnTUDN,NA,Acapulco,110978,2023-01-30T05:28:04Z,2023-01-28T20:25:19Z
Juanito,http://twitter.com/search?q=Juanito,NA,Juanito,11149,Acapulco,110978,2023-01-30T05:28:04Z,2023-01-28T20:25:19Z
#SuperBowlLVII,http://twitter.com/search?q=%23SuperBowlLVII,NA,%23SuperBowlLVII,11820,Acapulco,110978,2023-01-30T05:28:04Z,2023-01-28T20:25:19Z
Jagger,http://twitter.com/search?q=Jagger,NA,Jagger,11159,Acapulco,110978,2023-01-30T05:28:04Z,2023-01-28T20:25:19Z
Niners,http://twitter.com/search?q=Niners,NA,Niners,89724,Acapulco,110978,2023-01-30T05:28:04Z,2023-01-28T20:25:19Z
Bengals,http://twitter.com/search?q=Bengals,NA,Bengals,119997,Acapulco,110978,2023-01-30T05:28:04Z,2023-01-28T20:25:19Z
Woody,http://twitter.com/search?q=Woody,NA,Woody,26925,Acapulco,110978,2023-01-30T05:28:04Z,2023-01-28T20:25:19Z
Juanpa,http://twitter.com/search?q=Juanpa,NA,Juanpa,NA,Acapulco,110978,2023-01-30T05:28:04Z,2023-01-28T20:25:19Z
Chiefs,http://twitter.com/search?q=Chiefs,NA,Chiefs,112196,Acapulco,110978,2023-01-30T05:28:04Z,2023-01-28T20:25:19Z
Ibai,http://twitter.com/search?q=Ibai,NA,Ibai,34168,Acapulco,110978,2023-01-30T05:28:04Z,2023-01-28T20:25:19Z
Johnson,http://twitter.com/search?q=Johnson,NA,Johnson,169831,Acapulco,110978,2023-01-30T05:28:04Z,2023-01-28T20:25:19Z
Filadelfia,http://twitter.com/search?q=Filadelfia,NA,Filadelfia,NA,Acapulco,110978,2023-01-30T05:28:04Z,2023-01-28T20:25:19Z
Jordi,http://twitter.com/search?q=Jordi,NA,Jordi,16644,Acapulco,110978,2023-01-30T05:28:04Z,2023-01-28T20:25:19Z
Trent Williams,http://twitter.com/search?q=%22Trent+Williams%22,NA,%22Trent+Williams%22,24342,Acapulco,110978,2023-01-30T05:28:04Z,2023-01-28T20:25:19Z
Shanahan,http://twitter.com/search?q=Shanahan,NA,Shanahan,23644,Acapulco,110978,2023-01-30T05:28:04Z,2023-01-28T20:25:19Z
Zilverk,http://twitter.com/search?q=Zilverk,NA,Zilverk,15018,Acapulco,110978,2023-01-30T05:28:04Z,2023-01-28T20:25:19Z
Gabriel Caballero,http://twitter.com/search?q=%22Gabriel+Caballero%22,NA,%22Gabriel+Caballero%22,NA,Acapulco,110978,2023-01-30T05:28:04Z,2023-01-28T20:25:19Z
HUMBE NEW ERA,http://twitter.com/search?q=%22HUMBE+NEW+ERA%22,NA,%22HUMBE+NEW+ERA%22,NA,Acapulco,110978,2023-01-30T05:28:04Z,2023-01-28T20:25:19Z
Carola,http://twitter.com/search?q=Carola,NA,Carola,24146,Acapulco,110978,2023-01-30T05:28:04Z,2023-01-28T20:25:19Z
Jelty,http://twitter.com/search?q=Jelty,NA,Jelty,NA,Acapulco,110978,2023-01-30T05:28:04Z,2023-01-28T20:25:19Z
Lola,http://twitter.com/search?q=Lola,NA,Lola,51139,Acapulco,110978,2023-01-30T05:28:04Z,2023-01-28T20:25:19Z
Conferencia Nacional,http://twitter.com/search?q=%22Conferencia+Nacional%22,NA,%22Conferencia+Nacional%22,NA,Acapulco,110978,2023-01-30T05:28:04Z,2023-01-28T20:25:19Z
Karchez,http://twitter.com/search?q=Karchez,NA,Karchez,26432,Acapulco,110978,2023-01-30T05:28:04Z,2023-01-28T20:25:19Z
Reborn,http://twitter.com/search?q=Reborn,NA,Reborn,23307,Acapulco,110978,2023-01-30T05:28:04Z,2023-01-28T20:25:19Z
Maxo,http://twitter.com/search?q=Maxo,NA,Maxo,NA,Acapulco,110978,2023-01-30T05:28:04Z,2023-01-28T20:25:19Z
JUAN ROLEPLAYER DEL AÑO,http://twitter.com/search?q=%22JUAN+ROLEPLAYER+DEL+A%C3%91O%22,NA,%22JUAN+ROLEPLAYER+DEL+A%C3%91O%22,NA,Acapulco,110978,2023-01-30T05:28:04Z,2023-01-28T20:25:19Z
Luzu,http://twitter.com/search?q=Luzu,NA,Luzu,48138,Acapulco,110978,2023-01-30T05:28:04Z,2023-01-28T20:25:19Z
Chichén Itzá,http://twitter.com/search?q=%22Chich%C3%A9n+Itz%C3%A1%22,NA,%22Chich%C3%A9n+Itz%C3%A1%22,NA,Acapulco,110978,2023-01-30T05:28:04Z,2023-01-28T20:25:19Z
Napoli,http://twitter.com/search?q=Napoli,NA,Napoli,54358,Acapulco,110978,2023-01-30T05:28:04Z,2023-01-28T20:25:19Z
4to QB,http://twitter.com/search?q=%224to+QB%22,NA,%224to+QB%22,NA,Acapulco,110978,2023-01-30T05:28:04Z,2023-01-28T20:25:19Z
Robleis,http://twitter.com/search?q=Robleis,NA,Robleis,20226,Acapulco,110978,2023-01-30T05:28:04Z,2023-01-28T20:25:19Z
Conway,http://twitter.com/search?q=Conway,NA,Conway,NA,Acapulco,110978,2023-01-30T05:28:04Z,2023-01-28T20:25:19Z
Philly,http://twitter.com/search?q=Philly,NA,Philly,94492,Acapulco,110978,2023-01-30T05:28:04Z,2023-01-28T20:25:19Z
Jesucristo,http://twitter.com/search?q=Jesucristo,NA,Jesucristo,13676,Acapulco,110978,2023-01-30T05:28:04Z,2023-01-28T20:25:19Z
Hurts,http://twitter.com/search?q=Hurts,NA,Hurts,127261,Acapulco,110978,2023-01-30T05:28:04Z,2023-01-28T20:25:19Z
Auron,http://twitter.com/search?q=Auron,NA,Auron,30071,Acapulco,110978,2023-01-30T05:28:04Z,2023-01-28T20:25:19Z
Jimmy G,http://twitter.com/search?q=%22Jimmy+G%22,NA,%22Jimmy+G%22,10364,Acapulco,110978,2023-01-30T05:28:04Z,2023-01-28T20:25:19Z
Rivers,http://twitter.com/search?q=Rivers,NA,Rivers,62213,Acapulco,110978,2023-01-30T05:28:04Z,2023-01-28T20:25:19Z
Bosa,http://twitter.com/search?q=Bosa,NA,Bosa,53658,Acapulco,110978,2023-01-30T05:28:04Z,2023-01-28T20:25:19Z
49ers,http://twitter.com/search?q=49ers,NA,49ers,298512,Aguascalientes,111579,2023-01-30T05:28:04Z,2023-01-28T20:25:19Z
49ers,http://twitter.com/search?q=49ers,NA,49ers,298512,Aguascalientes,111579,2023-01-30T05:28:04Z,2023-01-28T20:25:19Z
#esland2023,http://twitter.com/search?q=%23esland2023,NA,%23esland2023,83484,Aguascalientes,111579,2023-01-30T05:28:04Z,2023-01-28T20:25:19Z
#FTTB,http://twitter.com/search?q=%23FTTB,NA,%23FTTB,34110,Aguascalientes,111579,2023-01-30T05:28:04Z,2023-01-28T20:25:19Z
Purdy,http://twitter.com/search?q=Purdy,NA,Purdy,105454,Aguascalientes,111579,2023-01-30T05:28:04Z,2023-01-28T20:25:19Z
Diana,http://twitter.com/search?q=Diana,NA,Diana,45768,Aguascalientes,111579,2023-01-30T05:28:04Z,2023-01-28T20:25:19Z
#NFLxFSMX,http://twitter.com/search?q=%23NFLxFSMX,NA,%23NFLxFSMX,NA,Aguascalientes,111579,2023-01-30T05:28:04Z,2023-01-28T20:25:19Z
Germán,http://twitter.com/search?q=Germ%C3%A1n,NA,Germ%C3%A1n,116307,Aguascalientes,111579,2023-01-30T05:28:04Z,2023-01-28T20:25:19Z
Jhayco,http://twitter.com/search?q=Jhayco,NA,Jhayco,NA,Aguascalientes,111579,2023-01-30T05:28:04Z,2023-01-28T20:25:19Z
Vicky,http://twitter.com/search?q=Vicky,NA,Vicky,30453,Aguascalientes,111579,2023-01-30T05:28:04Z,2023-01-28T20:25:19Z
#NFLPlayoffsEnTUDN,http://twitter.com/search?q=%23NFLPlayoffsEnTUDN,NA,%23NFLPlayoffsEnTUDN,NA,Aguascalientes,111579,2023-01-30T05:28:04Z,2023-01-28T20:25:19Z
Juanito,http://twitter.com/search?q=Juanito,NA,Juanito,11149,Aguascalientes,111579,2023-01-30T05:28:04Z,2023-01-28T20:25:19Z
Jagger,http://twitter.com/search?q=Jagger,NA,Jagger,11159,Aguascalientes,111579,2023-01-30T05:28:04Z,2023-01-28T20:25:19Z
#SuperBowlLVII,http://twitter.com/search?q=%23SuperBowlLVII,NA,%23SuperBowlLVII,11820,Aguascalientes,111579,2023-01-30T05:28:04Z,2023-01-28T20:25:19Z
Niners,http://twitter.com/search?q=Niners,NA,Niners,89724,Aguascalientes,111579,2023-01-30T05:28:04Z,2023-01-28T20:25:19Z
Woody,http://twitter.com/search?q=Woody,NA,Woody,26925,Aguascalientes,111579,2023-01-30T05:28:04Z,2023-01-28T20:25:19Z
Juanpa,http://twitter.com/search?q=Juanpa,NA,Juanpa,NA,Aguascalientes,111579,2023-01-30T05:28:04Z,2023-01-28T20:25:19Z
Bengals,http://twitter.com/search?q=Bengals,NA,Bengals,119997,Aguascalientes,111579,2023-01-30T05:28:04Z,2023-01-28T20:25:19Z
Ibai,http://twitter.com/search?q=Ibai,NA,Ibai,34061,Aguascalientes,111579,2023-01-30T05:28:04Z,2023-01-28T20:25:19Z
Chiefs,http://twitter.com/search?q=Chiefs,NA,Chiefs,112196,Aguascalientes,111579,2023-01-30T05:28:04Z,2023-01-28T20:25:19Z
Johnson,http://twitter.com/search?q=Johnson,NA,Johnson,169831,Aguascalientes,111579,2023-01-30T05:28:04Z,2023-01-28T20:25:19Z
Filadelfia,http://twitter.com/search?q=Filadelfia,NA,Filadelfia,NA,Aguascalientes,111579,2023-01-30T05:28:04Z,2023-01-28T20:25:19Z
Jordi,http://twitter.com/search?q=Jordi,NA,Jordi,16644,Aguascalientes,111579,2023-01-30T05:28:04Z,2023-01-28T20:25:19Z
HUMBE NEW ERA,http://twitter.com/search?q=%22HUMBE+NEW+ERA%22,NA,%22HUMBE+NEW+ERA%22,NA,Aguascalientes,111579,2023-01-30T05:28:04Z,2023-01-28T20:25:19Z
Trent Williams,http://twitter.com/search?q=%22Trent+Williams%22,NA,%22Trent+Williams%22,24342,Aguascalientes,111579,2023-01-30T05:28:04Z,2023-01-28T20:25:19Z
Shanahan,http://twitter.com/search?q=Shanahan,NA,Shanahan,23644,Aguascalientes,111579,2023-01-30T05:28:04Z,2023-01-28T20:25:19Z
Zilverk,http://twitter.com/search?q=Zilverk,NA,Zilverk,15018,Aguascalientes,111579,2023-01-30T05:28:04Z,2023-01-28T20:25:19Z
Gabriel Caballero,http://twitter.com/search?q=%22Gabriel+Caballero%22,NA,%22Gabriel+Caballero%22,NA,Aguascalientes,111579,2023-01-30T05:28:04Z,2023-01-28T20:25:19Z
Carola,http://twitter.com/search?q=Carola,NA,Carola,24146,Aguascalientes,111579,2023-01-30T05:28:04Z,2023-01-28T20:25:19Z
Jelty,http://twitter.com/search?q=Jelty,NA,Jelty,NA,Aguascalientes,111579,2023-01-30T05:28:04Z,2023-01-28T20:25:19Z
Lola,http://twitter.com/search?q=Lola,NA,Lola,51139,Aguascalientes,111579,2023-01-30T05:28:04Z,2023-01-28T20:25:19Z
Conferencia Nacional,http://twitter.com/search?q=%22Conferencia+Nacional%22,NA,%22Conferencia+Nacional%22,NA,Aguascalientes,111579,2023-01-30T05:28:04Z,2023-01-28T20:25:19Z
Karchez,http://twitter.com/search?q=Karchez,NA,Karchez,26432,Aguascalientes,111579,2023-01-30T05:28:04Z,2023-01-28T20:25:19Z
Reborn,http://twitter.com/search?q=Reborn,NA,Reborn,23307,Aguascalientes,111579,2023-01-30T05:28:04Z,2023-01-28T20:25:19Z
Maxo,http://twitter.com/search?q=Maxo,NA,Maxo,NA,Aguascalientes,111579,2023-01-30T05:28:04Z,2023-01-28T20:25:19Z
JUAN ROLEPLAYER DEL AÑO,http://twitter.com/search?q=%22JUAN+ROLEPLAYER+DEL+A%C3%91O%22,NA,%22JUAN+ROLEPLAYER+DEL+A%C3%91O%22,NA,Aguascalientes,111579,2023-01-30T05:28:04Z,2023-01-28T20:25:19Z
Luzu,http://twitter.com/search?q=Luzu,NA,Luzu,48138,Aguascalientes,111579,2023-01-30T05:28:04Z,2023-01-28T20:25:19Z
Chichén Itzá,http://twitter.com/search?q=%22Chich%C3%A9n+Itz%C3%A1%22,NA,%22Chich%C3%A9n+Itz%C3%A1%22,NA,Aguascalientes,111579,2023-01-30T05:28:04Z,2023-01-28T20:25:19Z
Napoli,http://twitter.com/search?q=Napoli,NA,Napoli,54358,Aguascalientes,111579,2023-01-30T05:28:04Z,2023-01-28T20:25:19Z
4to QB,http://twitter.com/search?q=%224to+QB%22,NA,%224to+QB%22,NA,Aguascalientes,111579,2023-01-30T05:28:04Z,2023-01-28T20:25:19Z
Robleis,http://twitter.com/search?q=Robleis,NA,Robleis,20278,Aguascalientes,111579,2023-01-30T05:28:04Z,2023-01-28T20:25:19Z
Conway,http://twitter.com/search?q=Conway,NA,Conway,NA,Aguascalientes,111579,2023-01-30T05:28:04Z,2023-01-28T20:25:19Z
Philly,http://twitter.com/search?q=Philly,NA,Philly,95463,Aguascalientes,111579,2023-01-30T05:28:04Z,2023-01-28T20:25:19Z
Jesucristo,http://twitter.com/search?q=Jesucristo,NA,Jesucristo,13696,Aguascalientes,111579,2023-01-30T05:28:04Z,2023-01-28T20:25:19Z
Hurts,http://twitter.com/search?q=Hurts,NA,Hurts,127261,Aguascalientes,111579,2023-01-30T05:28:04Z,2023-01-28T20:25:19Z
Auron,http://twitter.com/search?q=Auron,NA,Auron,30071,Aguascalientes,111579,2023-01-30T05:28:04Z,2023-01-28T20:25:19Z
Jimmy G,http://twitter.com/search?q=%22Jimmy+G%22,NA,%22Jimmy+G%22,10574,Aguascalientes,111579,2023-01-30T05:28:04Z,2023-01-28T20:25:19Z
Bosa,http://twitter.com/search?q=Bosa,NA,Bosa,53658,Aguascalientes,111579,2023-01-30T05:28:04Z,2023-01-28T20:25:19Z
Juan y Ari,http://twitter.com/search?q=%22Juan+y+Ari%22,NA,%22Juan+y+Ari%22,NA,Aguascalientes,111579,2023-01-30T05:28:04Z,2023-01-28T20:25:19Z
49ers,http://twitter.com/search?q=49ers,NA,49ers,298512,Chihuahua,115958,2023-01-30T05:28:05Z,2023-01-28T20:25:19Z
49ers,http://twitter.com/search?q=49ers,NA,49ers,298512,Chihuahua,115958,2023-01-30T05:28:05Z,2023-01-28T20:25:19Z
#esland2023,http://twitter.com/search?q=%23esland2023,NA,%23esland2023,83484,Chihuahua,115958,2023-01-30T05:28:05Z,2023-01-28T20:25:19Z
#FTTB,http://twitter.com/search?q=%23FTTB,NA,%23FTTB,34249,Chihuahua,115958,2023-01-30T05:28:05Z,2023-01-28T20:25:19Z
Purdy,http://twitter.com/search?q=Purdy,NA,Purdy,105454,Chihuahua,115958,2023-01-30T05:28:05Z,2023-01-28T20:25:19Z
Germán,http://twitter.com/search?q=Germ%C3%A1n,NA,Germ%C3%A1n,116307,Chihuahua,115958,2023-01-30T05:28:05Z,2023-01-28T20:25:19Z
Diana,http://twitter.com/search?q=Diana,NA,Diana,45768,Chihuahua,115958,2023-01-30T05:28:05Z,2023-01-28T20:25:19Z
#NFLxFSMX,http://twitter.com/search?q=%23NFLxFSMX,NA,%23NFLxFSMX,NA,Chihuahua,115958,2023-01-30T05:28:05Z,2023-01-28T20:25:19Z
Jhayco,http://twitter.com/search?q=Jhayco,NA,Jhayco,NA,Chihuahua,115958,2023-01-30T05:28:05Z,2023-01-28T20:25:19Z
Vicky,http://twitter.com/search?q=Vicky,NA,Vicky,30453,Chihuahua,115958,2023-01-30T05:28:05Z,2023-01-28T20:25:19Z
#NFLPlayoffsEnTUDN,http://twitter.com/search?q=%23NFLPlayoffsEnTUDN,NA,%23NFLPlayoffsEnTUDN,NA,Chihuahua,115958,2023-01-30T05:28:05Z,2023-01-28T20:25:19Z
Juanito,http://twitter.com/search?q=Juanito,NA,Juanito,11149,Chihuahua,115958,2023-01-30T05:28:05Z,2023-01-28T20:25:19Z
#SuperBowlLVII,http://twitter.com/search?q=%23SuperBowlLVII,NA,%23SuperBowlLVII,11820,Chihuahua,115958,2023-01-30T05:28:05Z,2023-01-28T20:25:19Z
Jagger,http://twitter.com/search?q=Jagger,NA,Jagger,11159,Chihuahua,115958,2023-01-30T05:28:05Z,2023-01-28T20:25:19Z
Niners,http://twitter.com/search?q=Niners,NA,Niners,89724,Chihuahua,115958,2023-01-30T05:28:05Z,2023-01-28T20:25:19Z
Woody,http://twitter.com/search?q=Woody,NA,Woody,26925,Chihuahua,115958,2023-01-30T05:28:05Z,2023-01-28T20:25:19Z
Juanpa,http://twitter.com/search?q=Juanpa,NA,Juanpa,NA,Chihuahua,115958,2023-01-30T05:28:05Z,2023-01-28T20:25:19Z
Bengals,http://twitter.com/search?q=Bengals,NA,Bengals,119997,Chihuahua,115958,2023-01-30T05:28:05Z,2023-01-28T20:25:19Z
Ibai,http://twitter.com/search?q=Ibai,NA,Ibai,34061,Chihuahua,115958,2023-01-30T05:28:05Z,2023-01-28T20:25:19Z
Chiefs,http://twitter.com/search?q=Chiefs,NA,Chiefs,112196,Chihuahua,115958,2023-01-30T05:28:05Z,2023-01-28T20:25:19Z
Johnson,http://twitter.com/search?q=Johnson,NA,Johnson,170316,Chihuahua,115958,2023-01-30T05:28:05Z,2023-01-28T20:25:19Z
Filadelfia,http://twitter.com/search?q=Filadelfia,NA,Filadelfia,NA,Chihuahua,115958,2023-01-30T05:28:05Z,2023-01-28T20:25:19Z
Jordi,http://twitter.com/search?q=Jordi,NA,Jordi,16644,Chihuahua,115958,2023-01-30T05:28:05Z,2023-01-28T20:25:19Z
Trent Williams,http://twitter.com/search?q=%22Trent+Williams%22,NA,%22Trent+Williams%22,24342,Chihuahua,115958,2023-01-30T05:28:05Z,2023-01-28T20:25:19Z
Shanahan,http://twitter.com/search?q=Shanahan,NA,Shanahan,23644,Chihuahua,115958,2023-01-30T05:28:05Z,2023-01-28T20:25:19Z
Zilverk,http://twitter.com/search?q=Zilverk,NA,Zilverk,15018,Chihuahua,115958,2023-01-30T05:28:05Z,2023-01-28T20:25:19Z
Gabriel Caballero,http://twitter.com/search?q=%22Gabriel+Caballero%22,NA,%22Gabriel+Caballero%22,NA,Chihuahua,115958,2023-01-30T05:28:05Z,2023-01-28T20:25:19Z
HUMBE NEW ERA,http://twitter.com/search?q=%22HUMBE+NEW+ERA%22,NA,%22HUMBE+NEW+ERA%22,NA,Chihuahua,115958,2023-01-30T05:28:05Z,2023-01-28T20:25:19Z
Carola,http://twitter.com/search?q=Carola,NA,Carola,24146,Chihuahua,115958,2023-01-30T05:28:05Z,2023-01-28T20:25:19Z
Jelty,http://twitter.com/search?q=Jelty,NA,Jelty,NA,Chihuahua,115958,2023-01-30T05:28:05Z,2023-01-28T20:25:19Z
Lola,http://twitter.com/search?q=Lola,NA,Lola,51139,Chihuahua,115958,2023-01-30T05:28:05Z,2023-01-28T20:25:19Z
Conferencia Nacional,http://twitter.com/search?q=%22Conferencia+Nacional%22,NA,%22Conferencia+Nacional%22,NA,Chihuahua,115958,2023-01-30T05:28:05Z,2023-01-28T20:25:19Z
Karchez,http://twitter.com/search?q=Karchez,NA,Karchez,26432,Chihuahua,115958,2023-01-30T05:28:05Z,2023-01-28T20:25:19Z
Reborn,http://twitter.com/search?q=Reborn,NA,Reborn,23307,Chihuahua,115958,2023-01-30T05:28:05Z,2023-01-28T20:25:19Z
Maxo,http://twitter.com/search?q=Maxo,NA,Maxo,NA,Chihuahua,115958,2023-01-30T05:28:05Z,2023-01-28T20:25:19Z
JUAN ROLEPLAYER DEL AÑO,http://twitter.com/search?q=%22JUAN+ROLEPLAYER+DEL+A%C3%91O%22,NA,%22JUAN+ROLEPLAYER+DEL+A%C3%91O%22,NA,Chihuahua,115958,2023-01-30T05:28:05Z,2023-01-28T20:25:19Z
Luzu,http://twitter.com/search?q=Luzu,NA,Luzu,48138,Chihuahua,115958,2023-01-30T05:28:05Z,2023-01-28T20:25:19Z
Chichén Itzá,http://twitter.com/search?q=%22Chich%C3%A9n+Itz%C3%A1%22,NA,%22Chich%C3%A9n+Itz%C3%A1%22,NA,Chihuahua,115958,2023-01-30T05:28:05Z,2023-01-28T20:25:19Z
Napoli,http://twitter.com/search?q=Napoli,NA,Napoli,54358,Chihuahua,115958,2023-01-30T05:28:05Z,2023-01-28T20:25:19Z
4to QB,http://twitter.com/search?q=%224to+QB%22,NA,%224to+QB%22,NA,Chihuahua,115958,2023-01-30T05:28:05Z,2023-01-28T20:25:19Z
Robleis,http://twitter.com/search?q=Robleis,NA,Robleis,20278,Chihuahua,115958,2023-01-30T05:28:05Z,2023-01-28T20:25:19Z
Conway,http://twitter.com/search?q=Conway,NA,Conway,NA,Chihuahua,115958,2023-01-30T05:28:05Z,2023-01-28T20:25:19Z
Philly,http://twitter.com/search?q=Philly,NA,Philly,95463,Chihuahua,115958,2023-01-30T05:28:05Z,2023-01-28T20:25:19Z
Jesucristo,http://twitter.com/search?q=Jesucristo,NA,Jesucristo,13696,Chihuahua,115958,2023-01-30T05:28:05Z,2023-01-28T20:25:19Z
Hurts,http://twitter.com/search?q=Hurts,NA,Hurts,127261,Chihuahua,115958,2023-01-30T05:28:05Z,2023-01-28T20:25:19Z
Auron,http://twitter.com/search?q=Auron,NA,Auron,30071,Chihuahua,115958,2023-01-30T05:28:05Z,2023-01-28T20:25:19Z
Jimmy G,http://twitter.com/search?q=%22Jimmy+G%22,NA,%22Jimmy+G%22,10364,Chihuahua,115958,2023-01-30T05:28:05Z,2023-01-28T20:25:19Z
Bosa,http://twitter.com/search?q=Bosa,NA,Bosa,53658,Chihuahua,115958,2023-01-30T05:28:05Z,2023-01-28T20:25:19Z
Juan y Ari,http://twitter.com/search?q=%22Juan+y+Ari%22,NA,%22Juan+y+Ari%22,NA,Chihuahua,115958,2023-01-30T05:28:05Z,2023-01-28T20:25:19Z
49ers,http://twitter.com/search?q=49ers,NA,49ers,298512,Ciudad Juarez,116556,2023-01-30T05:28:05Z,2023-01-28T20:25:19Z
49ers,http://twitter.com/search?q=49ers,NA,49ers,298512,Ciudad Juarez,116556,2023-01-30T05:28:05Z,2023-01-28T20:25:19Z
#esland2023,http://twitter.com/search?q=%23esland2023,NA,%23esland2023,83484,Ciudad Juarez,116556,2023-01-30T05:28:05Z,2023-01-28T20:25:19Z
#FTTB,http://twitter.com/search?q=%23FTTB,NA,%23FTTB,34110,Ciudad Juarez,116556,2023-01-30T05:28:05Z,2023-01-28T20:25:19Z
Purdy,http://twitter.com/search?q=Purdy,NA,Purdy,105454,Ciudad Juarez,116556,2023-01-30T05:28:05Z,2023-01-28T20:25:19Z
Germán,http://twitter.com/search?q=Germ%C3%A1n,NA,Germ%C3%A1n,116307,Ciudad Juarez,116556,2023-01-30T05:28:05Z,2023-01-28T20:25:19Z
Diana,http://twitter.com/search?q=Diana,NA,Diana,45768,Ciudad Juarez,116556,2023-01-30T05:28:05Z,2023-01-28T20:25:19Z
#NFLxFSMX,http://twitter.com/search?q=%23NFLxFSMX,NA,%23NFLxFSMX,NA,Ciudad Juarez,116556,2023-01-30T05:28:05Z,2023-01-28T20:25:19Z
Jhayco,http://twitter.com/search?q=Jhayco,NA,Jhayco,NA,Ciudad Juarez,116556,2023-01-30T05:28:05Z,2023-01-28T20:25:19Z
Vicky,http://twitter.com/search?q=Vicky,NA,Vicky,30453,Ciudad Juarez,116556,2023-01-30T05:28:05Z,2023-01-28T20:25:19Z
#NFLPlayoffsEnTUDN,http://twitter.com/search?q=%23NFLPlayoffsEnTUDN,NA,%23NFLPlayoffsEnTUDN,NA,Ciudad Juarez,116556,2023-01-30T05:28:05Z,2023-01-28T20:25:19Z
Juanito,http://twitter.com/search?q=Juanito,NA,Juanito,11149,Ciudad Juarez,116556,2023-01-30T05:28:05Z,2023-01-28T20:25:19Z
#SuperBowlLVII,http://twitter.com/search?q=%23SuperBowlLVII,NA,%23SuperBowlLVII,11820,Ciudad Juarez,116556,2023-01-30T05:28:05Z,2023-01-28T20:25:19Z
Jagger,http://twitter.com/search?q=Jagger,NA,Jagger,11159,Ciudad Juarez,116556,2023-01-30T05:28:05Z,2023-01-28T20:25:19Z
Niners,http://twitter.com/search?q=Niners,NA,Niners,89724,Ciudad Juarez,116556,2023-01-30T05:28:05Z,2023-01-28T20:25:19Z
Woody,http://twitter.com/search?q=Woody,NA,Woody,26925,Ciudad Juarez,116556,2023-01-30T05:28:05Z,2023-01-28T20:25:19Z
Juanpa,http://twitter.com/search?q=Juanpa,NA,Juanpa,NA,Ciudad Juarez,116556,2023-01-30T05:28:05Z,2023-01-28T20:25:19Z
Bengals,http://twitter.com/search?q=Bengals,NA,Bengals,119997,Ciudad Juarez,116556,2023-01-30T05:28:05Z,2023-01-28T20:25:19Z
Ibai,http://twitter.com/search?q=Ibai,NA,Ibai,34061,Ciudad Juarez,116556,2023-01-30T05:28:05Z,2023-01-28T20:25:19Z
Chiefs,http://twitter.com/search?q=Chiefs,NA,Chiefs,112196,Ciudad Juarez,116556,2023-01-30T05:28:05Z,2023-01-28T20:25:19Z
Johnson,http://twitter.com/search?q=Johnson,NA,Johnson,169831,Ciudad Juarez,116556,2023-01-30T05:28:05Z,2023-01-28T20:25:19Z
Filadelfia,http://twitter.com/search?q=Filadelfia,NA,Filadelfia,NA,Ciudad Juarez,116556,2023-01-30T05:28:05Z,2023-01-28T20:25:19Z
Jordi,http://twitter.com/search?q=Jordi,NA,Jordi,16644,Ciudad Juarez,116556,2023-01-30T05:28:05Z,2023-01-28T20:25:19Z
Trent Williams,http://twitter.com/search?q=%22Trent+Williams%22,NA,%22Trent+Williams%22,24342,Ciudad Juarez,116556,2023-01-30T05:28:05Z,2023-01-28T20:25:19Z
Shanahan,http://twitter.com/search?q=Shanahan,NA,Shanahan,23644,Ciudad Juarez,116556,2023-01-30T05:28:05Z,2023-01-28T20:25:19Z
Zilverk,http://twitter.com/search?q=Zilverk,NA,Zilverk,15069,Ciudad Juarez,116556,2023-01-30T05:28:05Z,2023-01-28T20:25:19Z
Gabriel Caballero,http://twitter.com/search?q=%22Gabriel+Caballero%22,NA,%22Gabriel+Caballero%22,NA,Ciudad Juarez,116556,2023-01-30T05:28:05Z,2023-01-28T20:25:19Z
HUMBE NEW ERA,http://twitter.com/search?q=%22HUMBE+NEW+ERA%22,NA,%22HUMBE+NEW+ERA%22,NA,Ciudad Juarez,116556,2023-01-30T05:28:05Z,2023-01-28T20:25:19Z
Carola,http://twitter.com/search?q=Carola,NA,Carola,24146,Ciudad Juarez,116556,2023-01-30T05:28:05Z,2023-01-28T20:25:19Z
Jelty,http://twitter.com/search?q=Jelty,NA,Jelty,NA,Ciudad Juarez,116556,2023-01-30T05:28:05Z,2023-01-28T20:25:19Z
Lola,http://twitter.com/search?q=Lola,NA,Lola,51139,Ciudad Juarez,116556,2023-01-30T05:28:05Z,2023-01-28T20:25:19Z
Conferencia Nacional,http://twitter.com/search?q=%22Conferencia+Nacional%22,NA,%22Conferencia+Nacional%22,NA,Ciudad Juarez,116556,2023-01-30T05:28:05Z,2023-01-28T20:25:19Z
Karchez,http://twitter.com/search?q=Karchez,NA,Karchez,26432,Ciudad Juarez,116556,2023-01-30T05:28:05Z,2023-01-28T20:25:19Z
Reborn,http://twitter.com/search?q=Reborn,NA,Reborn,23257,Ciudad Juarez,116556,2023-01-30T05:28:05Z,2023-01-28T20:25:19Z
Maxo,http://twitter.com/search?q=Maxo,NA,Maxo,NA,Ciudad Juarez,116556,2023-01-30T05:28:05Z,2023-01-28T20:25:19Z
JUAN ROLEPLAYER DEL AÑO,http://twitter.com/search?q=%22JUAN+ROLEPLAYER+DEL+A%C3%91O%22,NA,%22JUAN+ROLEPLAYER+DEL+A%C3%91O%22,NA,Ciudad Juarez,116556,2023-01-30T05:28:05Z,2023-01-28T20:25:19Z
Luzu,http://twitter.com/search?q=Luzu,NA,Luzu,48138,Ciudad Juarez,116556,2023-01-30T05:28:05Z,2023-01-28T20:25:19Z
Chichén Itzá,http://twitter.com/search?q=%22Chich%C3%A9n+Itz%C3%A1%22,NA,%22Chich%C3%A9n+Itz%C3%A1%22,NA,Ciudad Juarez,116556,2023-01-30T05:28:05Z,2023-01-28T20:25:19Z
Napoli,http://twitter.com/search?q=Napoli,NA,Napoli,54494,Ciudad Juarez,116556,2023-01-30T05:28:05Z,2023-01-28T20:25:19Z
4to QB,http://twitter.com/search?q=%224to+QB%22,NA,%224to+QB%22,NA,Ciudad Juarez,116556,2023-01-30T05:28:05Z,2023-01-28T20:25:19Z
Robleis,http://twitter.com/search?q=Robleis,NA,Robleis,20226,Ciudad Juarez,116556,2023-01-30T05:28:05Z,2023-01-28T20:25:19Z
Conway,http://twitter.com/search?q=Conway,NA,Conway,NA,Ciudad Juarez,116556,2023-01-30T05:28:05Z,2023-01-28T20:25:19Z
Philly,http://twitter.com/search?q=Philly,NA,Philly,94492,Ciudad Juarez,116556,2023-01-30T05:28:05Z,2023-01-28T20:25:19Z
Jesucristo,http://twitter.com/search?q=Jesucristo,NA,Jesucristo,13696,Ciudad Juarez,116556,2023-01-30T05:28:05Z,2023-01-28T20:25:19Z
Hurts,http://twitter.com/search?q=Hurts,NA,Hurts,127261,Ciudad Juarez,116556,2023-01-30T05:28:05Z,2023-01-28T20:25:19Z
Auron,http://twitter.com/search?q=Auron,NA,Auron,30071,Ciudad Juarez,116556,2023-01-30T05:28:05Z,2023-01-28T20:25:19Z
Jimmy G,http://twitter.com/search?q=%22Jimmy+G%22,NA,%22Jimmy+G%22,10364,Ciudad Juarez,116556,2023-01-30T05:28:05Z,2023-01-28T20:25:19Z
Bosa,http://twitter.com/search?q=Bosa,NA,Bosa,53393,Ciudad Juarez,116556,2023-01-30T05:28:05Z,2023-01-28T20:25:19Z
Juan y Ari,http://twitter.com/search?q=%22Juan+y+Ari%22,NA,%22Juan+y+Ari%22,NA,Ciudad Juarez,116556,2023-01-30T05:28:05Z,2023-01-28T20:25:19Z
49ers,http://twitter.com/search?q=49ers,NA,49ers,302005,Culiacán,117994,2023-01-30T05:28:05Z,2023-01-28T20:25:19Z
49ers,http://twitter.com/search?q=49ers,NA,49ers,302005,Culiacán,117994,2023-01-30T05:28:05Z,2023-01-28T20:25:19Z
#esland2023,http://twitter.com/search?q=%23esland2023,NA,%23esland2023,83484,Culiacán,117994,2023-01-30T05:28:05Z,2023-01-28T20:25:19Z
Germán,http://twitter.com/search?q=Germ%C3%A1n,NA,Germ%C3%A1n,116307,Culiacán,117994,2023-01-30T05:28:05Z,2023-01-28T20:25:19Z
#FTTB,http://twitter.com/search?q=%23FTTB,NA,%23FTTB,34110,Culiacán,117994,2023-01-30T05:28:05Z,2023-01-28T20:25:19Z
Purdy,http://twitter.com/search?q=Purdy,NA,Purdy,105454,Culiacán,117994,2023-01-30T05:28:05Z,2023-01-28T20:25:19Z
Diana,http://twitter.com/search?q=Diana,NA,Diana,45768,Culiacán,117994,2023-01-30T05:28:05Z,2023-01-28T20:25:19Z
#NFLxFSMX,http://twitter.com/search?q=%23NFLxFSMX,NA,%23NFLxFSMX,NA,Culiacán,117994,2023-01-30T05:28:05Z,2023-01-28T20:25:19Z
Jhayco,http://twitter.com/search?q=Jhayco,NA,Jhayco,NA,Culiacán,117994,2023-01-30T05:28:05Z,2023-01-28T20:25:19Z
Vicky,http://twitter.com/search?q=Vicky,NA,Vicky,30453,Culiacán,117994,2023-01-30T05:28:05Z,2023-01-28T20:25:19Z
#NFLPlayoffsEnTUDN,http://twitter.com/search?q=%23NFLPlayoffsEnTUDN,NA,%23NFLPlayoffsEnTUDN,NA,Culiacán,117994,2023-01-30T05:28:05Z,2023-01-28T20:25:19Z
Juanito,http://twitter.com/search?q=Juanito,NA,Juanito,11123,Culiacán,117994,2023-01-30T05:28:05Z,2023-01-28T20:25:19Z
#SuperBowlLVII,http://twitter.com/search?q=%23SuperBowlLVII,NA,%23SuperBowlLVII,11820,Culiacán,117994,2023-01-30T05:28:05Z,2023-01-28T20:25:19Z
Jagger,http://twitter.com/search?q=Jagger,NA,Jagger,11159,Culiacán,117994,2023-01-30T05:28:05Z,2023-01-28T20:25:19Z
Niners,http://twitter.com/search?q=Niners,NA,Niners,89724,Culiacán,117994,2023-01-30T05:28:05Z,2023-01-28T20:25:19Z
Bengals,http://twitter.com/search?q=Bengals,NA,Bengals,118268,Culiacán,117994,2023-01-30T05:28:05Z,2023-01-28T20:25:19Z
Woody,http://twitter.com/search?q=Woody,NA,Woody,26925,Culiacán,117994,2023-01-30T05:28:05Z,2023-01-28T20:25:19Z
Juanpa,http://twitter.com/search?q=Juanpa,NA,Juanpa,NA,Culiacán,117994,2023-01-30T05:28:05Z,2023-01-28T20:25:19Z
Chiefs,http://twitter.com/search?q=Chiefs,NA,Chiefs,112196,Culiacán,117994,2023-01-30T05:28:05Z,2023-01-28T20:25:19Z
Ibai,http://twitter.com/search?q=Ibai,NA,Ibai,34061,Culiacán,117994,2023-01-30T05:28:05Z,2023-01-28T20:25:19Z
Johnson,http://twitter.com/search?q=Johnson,NA,Johnson,169831,Culiacán,117994,2023-01-30T05:28:05Z,2023-01-28T20:25:19Z
Filadelfia,http://twitter.com/search?q=Filadelfia,NA,Filadelfia,NA,Culiacán,117994,2023-01-30T05:28:05Z,2023-01-28T20:25:19Z
Jordi,http://twitter.com/search?q=Jordi,NA,Jordi,16644,Culiacán,117994,2023-01-30T05:28:05Z,2023-01-28T20:25:19Z
Trent Williams,http://twitter.com/search?q=%22Trent+Williams%22,NA,%22Trent+Williams%22,24342,Culiacán,117994,2023-01-30T05:28:05Z,2023-01-28T20:25:19Z
Shanahan,http://twitter.com/search?q=Shanahan,NA,Shanahan,23644,Culiacán,117994,2023-01-30T05:28:05Z,2023-01-28T20:25:19Z
Zilverk,http://twitter.com/search?q=Zilverk,NA,Zilverk,15069,Culiacán,117994,2023-01-30T05:28:05Z,2023-01-28T20:25:19Z
Gabriel Caballero,http://twitter.com/search?q=%22Gabriel+Caballero%22,NA,%22Gabriel+Caballero%22,NA,Culiacán,117994,2023-01-30T05:28:05Z,2023-01-28T20:25:19Z
HUMBE NEW ERA,http://twitter.com/search?q=%22HUMBE+NEW+ERA%22,NA,%22HUMBE+NEW+ERA%22,NA,Culiacán,117994,2023-01-30T05:28:05Z,2023-01-28T20:25:19Z
Carola,http://twitter.com/search?q=Carola,NA,Carola,24146,Culiacán,117994,2023-01-30T05:28:05Z,2023-01-28T20:25:19Z
Conferencia Nacional,http://twitter.com/search?q=%22Conferencia+Nacional%22,NA,%22Conferencia+Nacional%22,NA,Culiacán,117994,2023-01-30T05:28:05Z,2023-01-28T20:25:19Z
Jelty,http://twitter.com/search?q=Jelty,NA,Jelty,NA,Culiacán,117994,2023-01-30T05:28:05Z,2023-01-28T20:25:19Z
Lola,http://twitter.com/search?q=Lola,NA,Lola,51139,Culiacán,117994,2023-01-30T05:28:05Z,2023-01-28T20:25:19Z
Karchez,http://twitter.com/search?q=Karchez,NA,Karchez,26343,Culiacán,117994,2023-01-30T05:28:05Z,2023-01-28T20:25:19Z
Reborn,http://twitter.com/search?q=Reborn,NA,Reborn,23307,Culiacán,117994,2023-01-30T05:28:05Z,2023-01-28T20:25:19Z
Maxo,http://twitter.com/search?q=Maxo,NA,Maxo,NA,Culiacán,117994,2023-01-30T05:28:05Z,2023-01-28T20:25:19Z
JUAN ROLEPLAYER DEL AÑO,http://twitter.com/search?q=%22JUAN+ROLEPLAYER+DEL+A%C3%91O%22,NA,%22JUAN+ROLEPLAYER+DEL+A%C3%91O%22,NA,Culiacán,117994,2023-01-30T05:28:05Z,2023-01-28T20:25:19Z
Luzu,http://twitter.com/search?q=Luzu,NA,Luzu,48138,Culiacán,117994,2023-01-30T05:28:05Z,2023-01-28T20:25:19Z
Chichén Itzá,http://twitter.com/search?q=%22Chich%C3%A9n+Itz%C3%A1%22,NA,%22Chich%C3%A9n+Itz%C3%A1%22,NA,Culiacán,117994,2023-01-30T05:28:05Z,2023-01-28T20:25:19Z
Napoli,http://twitter.com/search?q=Napoli,NA,Napoli,54358,Culiacán,117994,2023-01-30T05:28:05Z,2023-01-28T20:25:19Z
4to QB,http://twitter.com/search?q=%224to+QB%22,NA,%224to+QB%22,NA,Culiacán,117994,2023-01-30T05:28:05Z,2023-01-28T20:25:19Z
Robleis,http://twitter.com/search?q=Robleis,NA,Robleis,20226,Culiacán,117994,2023-01-30T05:28:05Z,2023-01-28T20:25:19Z
Conway,http://twitter.com/search?q=Conway,NA,Conway,NA,Culiacán,117994,2023-01-30T05:28:05Z,2023-01-28T20:25:19Z
Philly,http://twitter.com/search?q=Philly,NA,Philly,94492,Culiacán,117994,2023-01-30T05:28:05Z,2023-01-28T20:25:19Z
Jesucristo,http://twitter.com/search?q=Jesucristo,NA,Jesucristo,13676,Culiacán,117994,2023-01-30T05:28:05Z,2023-01-28T20:25:19Z
Hurts,http://twitter.com/search?q=Hurts,NA,Hurts,127261,Culiacán,117994,2023-01-30T05:28:05Z,2023-01-28T20:25:19Z
Auron,http://twitter.com/search?q=Auron,NA,Auron,30071,Culiacán,117994,2023-01-30T05:28:05Z,2023-01-28T20:25:19Z
Rivers,http://twitter.com/search?q=Rivers,NA,Rivers,62213,Culiacán,117994,2023-01-30T05:28:05Z,2023-01-28T20:25:19Z
Jimmy G,http://twitter.com/search?q=%22Jimmy+G%22,NA,%22Jimmy+G%22,10574,Culiacán,117994,2023-01-30T05:28:05Z,2023-01-28T20:25:19Z
Bosa,http://twitter.com/search?q=Bosa,NA,Bosa,53393,Culiacán,117994,2023-01-30T05:28:05Z,2023-01-28T20:25:19Z
49ers,http://twitter.com/search?q=49ers,NA,49ers,298512,Ecatepec de Morelos,118466,2023-01-30T05:28:05Z,2023-01-28T20:25:19Z
49ers,http://twitter.com/search?q=49ers,NA,49ers,298512,Ecatepec de Morelos,118466,2023-01-30T05:28:05Z,2023-01-28T20:25:19Z
#esland2023,http://twitter.com/search?q=%23esland2023,NA,%23esland2023,83484,Ecatepec de Morelos,118466,2023-01-30T05:28:05Z,2023-01-28T20:25:19Z
#FTTB,http://twitter.com/search?q=%23FTTB,NA,%23FTTB,34110,Ecatepec de Morelos,118466,2023-01-30T05:28:05Z,2023-01-28T20:25:19Z
Purdy,http://twitter.com/search?q=Purdy,NA,Purdy,105454,Ecatepec de Morelos,118466,2023-01-30T05:28:05Z,2023-01-28T20:25:19Z
Diana,http://twitter.com/search?q=Diana,NA,Diana,45768,Ecatepec de Morelos,118466,2023-01-30T05:28:05Z,2023-01-28T20:25:19Z
#NFLxFSMX,http://twitter.com/search?q=%23NFLxFSMX,NA,%23NFLxFSMX,NA,Ecatepec de Morelos,118466,2023-01-30T05:28:05Z,2023-01-28T20:25:19Z
Jhayco,http://twitter.com/search?q=Jhayco,NA,Jhayco,NA,Ecatepec de Morelos,118466,2023-01-30T05:28:05Z,2023-01-28T20:25:19Z
Vicky,http://twitter.com/search?q=Vicky,NA,Vicky,30453,Ecatepec de Morelos,118466,2023-01-30T05:28:05Z,2023-01-28T20:25:19Z
#NFLPlayoffsEnTUDN,http://twitter.com/search?q=%23NFLPlayoffsEnTUDN,NA,%23NFLPlayoffsEnTUDN,NA,Ecatepec de Morelos,118466,2023-01-30T05:28:05Z,2023-01-28T20:25:19Z
Juanito,http://twitter.com/search?q=Juanito,NA,Juanito,11149,Ecatepec de Morelos,118466,2023-01-30T05:28:05Z,2023-01-28T20:25:19Z
Germán,http://twitter.com/search?q=Germ%C3%A1n,NA,Germ%C3%A1n,108480,Ecatepec de Morelos,118466,2023-01-30T05:28:05Z,2023-01-28T20:25:19Z
Jagger,http://twitter.com/search?q=Jagger,NA,Jagger,11159,Ecatepec de Morelos,118466,2023-01-30T05:28:05Z,2023-01-28T20:25:19Z
Niners,http://twitter.com/search?q=Niners,NA,Niners,89724,Ecatepec de Morelos,118466,2023-01-30T05:28:05Z,2023-01-28T20:25:19Z
Woody,http://twitter.com/search?q=Woody,NA,Woody,26925,Ecatepec de Morelos,118466,2023-01-30T05:28:05Z,2023-01-28T20:25:19Z
Juanpa,http://twitter.com/search?q=Juanpa,NA,Juanpa,NA,Ecatepec de Morelos,118466,2023-01-30T05:28:05Z,2023-01-28T20:25:19Z
Bengals,http://twitter.com/search?q=Bengals,NA,Bengals,118268,Ecatepec de Morelos,118466,2023-01-30T05:28:05Z,2023-01-28T20:25:19Z
Ibai,http://twitter.com/search?q=Ibai,NA,Ibai,34061,Ecatepec de Morelos,118466,2023-01-30T05:28:05Z,2023-01-28T20:25:19Z
Johnson,http://twitter.com/search?q=Johnson,NA,Johnson,169831,Ecatepec de Morelos,118466,2023-01-30T05:28:05Z,2023-01-28T20:25:19Z
Chiefs,http://twitter.com/search?q=Chiefs,NA,Chiefs,112196,Ecatepec de Morelos,118466,2023-01-30T05:28:05Z,2023-01-28T20:25:19Z
Filadelfia,http://twitter.com/search?q=Filadelfia,NA,Filadelfia,NA,Ecatepec de Morelos,118466,2023-01-30T05:28:05Z,2023-01-28T20:25:19Z
Jordi,http://twitter.com/search?q=Jordi,NA,Jordi,16644,Ecatepec de Morelos,118466,2023-01-30T05:28:05Z,2023-01-28T20:25:19Z
HUMBE NEW ERA,http://twitter.com/search?q=%22HUMBE+NEW+ERA%22,NA,%22HUMBE+NEW+ERA%22,NA,Ecatepec de Morelos,118466,2023-01-30T05:28:05Z,2023-01-28T20:25:19Z
Trent Williams,http://twitter.com/search?q=%22Trent+Williams%22,NA,%22Trent+Williams%22,24342,Ecatepec de Morelos,118466,2023-01-30T05:28:05Z,2023-01-28T20:25:19Z
Shanahan,http://twitter.com/search?q=Shanahan,NA,Shanahan,23644,Ecatepec de Morelos,118466,2023-01-30T05:28:05Z,2023-01-28T20:25:19Z
Zilverk,http://twitter.com/search?q=Zilverk,NA,Zilverk,15069,Ecatepec de Morelos,118466,2023-01-30T05:28:05Z,2023-01-28T20:25:19Z
Gabriel Caballero,http://twitter.com/search?q=%22Gabriel+Caballero%22,NA,%22Gabriel+Caballero%22,NA,Ecatepec de Morelos,118466,2023-01-30T05:28:05Z,2023-01-28T20:25:19Z
Carola,http://twitter.com/search?q=Carola,NA,Carola,24146,Ecatepec de Morelos,118466,2023-01-30T05:28:05Z,2023-01-28T20:25:19Z
Jelty,http://twitter.com/search?q=Jelty,NA,Jelty,NA,Ecatepec de Morelos,118466,2023-01-30T05:28:05Z,2023-01-28T20:25:19Z
Lola,http://twitter.com/search?q=Lola,NA,Lola,51139,Ecatepec de Morelos,118466,2023-01-30T05:28:05Z,2023-01-28T20:25:19Z
Conferencia Nacional,http://twitter.com/search?q=%22Conferencia+Nacional%22,NA,%22Conferencia+Nacional%22,NA,Ecatepec de Morelos,118466,2023-01-30T05:28:05Z,2023-01-28T20:25:19Z
Karchez,http://twitter.com/search?q=Karchez,NA,Karchez,26432,Ecatepec de Morelos,118466,2023-01-30T05:28:05Z,2023-01-28T20:25:19Z
Reborn,http://twitter.com/search?q=Reborn,NA,Reborn,23307,Ecatepec de Morelos,118466,2023-01-30T05:28:05Z,2023-01-28T20:25:19Z
Maxo,http://twitter.com/search?q=Maxo,NA,Maxo,NA,Ecatepec de Morelos,118466,2023-01-30T05:28:05Z,2023-01-28T20:25:19Z
JUAN ROLEPLAYER DEL AÑO,http://twitter.com/search?q=%22JUAN+ROLEPLAYER+DEL+A%C3%91O%22,NA,%22JUAN+ROLEPLAYER+DEL+A%C3%91O%22,NA,Ecatepec de Morelos,118466,2023-01-30T05:28:05Z,2023-01-28T20:25:19Z
Luzu,http://twitter.com/search?q=Luzu,NA,Luzu,48138,Ecatepec de Morelos,118466,2023-01-30T05:28:05Z,2023-01-28T20:25:19Z
Chichén Itzá,http://twitter.com/search?q=%22Chich%C3%A9n+Itz%C3%A1%22,NA,%22Chich%C3%A9n+Itz%C3%A1%22,NA,Ecatepec de Morelos,118466,2023-01-30T05:28:05Z,2023-01-28T20:25:19Z
Napoli,http://twitter.com/search?q=Napoli,NA,Napoli,54358,Ecatepec de Morelos,118466,2023-01-30T05:28:05Z,2023-01-28T20:25:19Z
4to QB,http://twitter.com/search?q=%224to+QB%22,NA,%224to+QB%22,NA,Ecatepec de Morelos,118466,2023-01-30T05:28:05Z,2023-01-28T20:25:19Z
Robleis,http://twitter.com/search?q=Robleis,NA,Robleis,20278,Ecatepec de Morelos,118466,2023-01-30T05:28:05Z,2023-01-28T20:25:19Z
Conway,http://twitter.com/search?q=Conway,NA,Conway,NA,Ecatepec de Morelos,118466,2023-01-30T05:28:05Z,2023-01-28T20:25:19Z
Philly,http://twitter.com/search?q=Philly,NA,Philly,95463,Ecatepec de Morelos,118466,2023-01-30T05:28:05Z,2023-01-28T20:25:19Z
Jesucristo,http://twitter.com/search?q=Jesucristo,NA,Jesucristo,13676,Ecatepec de Morelos,118466,2023-01-30T05:28:05Z,2023-01-28T20:25:19Z
Hurts,http://twitter.com/search?q=Hurts,NA,Hurts,127261,Ecatepec de Morelos,118466,2023-01-30T05:28:05Z,2023-01-28T20:25:19Z
Auron,http://twitter.com/search?q=Auron,NA,Auron,30071,Ecatepec de Morelos,118466,2023-01-30T05:28:05Z,2023-01-28T20:25:19Z
Jimmy G,http://twitter.com/search?q=%22Jimmy+G%22,NA,%22Jimmy+G%22,10364,Ecatepec de Morelos,118466,2023-01-30T05:28:05Z,2023-01-28T20:25:19Z
Bosa,http://twitter.com/search?q=Bosa,NA,Bosa,53658,Ecatepec de Morelos,118466,2023-01-30T05:28:05Z,2023-01-28T20:25:19Z
Juan y Ari,http://twitter.com/search?q=%22Juan+y+Ari%22,NA,%22Juan+y+Ari%22,NA,Ecatepec de Morelos,118466,2023-01-30T05:28:05Z,2023-01-28T20:25:19Z
PROUD OF QUACKITY,http://twitter.com/search?q=%22PROUD+OF+QUACKITY%22,NA,%22PROUD+OF+QUACKITY%22,NA,Ecatepec de Morelos,118466,2023-01-30T05:28:05Z,2023-01-28T20:25:19Z
49ers,http://twitter.com/search?q=49ers,NA,49ers,298512,Guadalajara,124162,2023-01-30T05:28:05Z,2023-01-28T20:25:19Z
49ers,http://twitter.com/search?q=49ers,NA,49ers,298512,Guadalajara,124162,2023-01-30T05:28:05Z,2023-01-28T20:25:19Z
#esland2023,http://twitter.com/search?q=%23esland2023,NA,%23esland2023,83484,Guadalajara,124162,2023-01-30T05:28:05Z,2023-01-28T20:25:19Z
#FTTB,http://twitter.com/search?q=%23FTTB,NA,%23FTTB,34249,Guadalajara,124162,2023-01-30T05:28:05Z,2023-01-28T20:25:19Z
Purdy,http://twitter.com/search?q=Purdy,NA,Purdy,105454,Guadalajara,124162,2023-01-30T05:28:05Z,2023-01-28T20:25:19Z
Diana,http://twitter.com/search?q=Diana,NA,Diana,45768,Guadalajara,124162,2023-01-30T05:28:05Z,2023-01-28T20:25:19Z
#NFLxFSMX,http://twitter.com/search?q=%23NFLxFSMX,NA,%23NFLxFSMX,NA,Guadalajara,124162,2023-01-30T05:28:05Z,2023-01-28T20:25:19Z
Jhayco,http://twitter.com/search?q=Jhayco,NA,Jhayco,NA,Guadalajara,124162,2023-01-30T05:28:05Z,2023-01-28T20:25:19Z
Vicky,http://twitter.com/search?q=Vicky,NA,Vicky,30453,Guadalajara,124162,2023-01-30T05:28:05Z,2023-01-28T20:25:19Z
Germán,http://twitter.com/search?q=Germ%C3%A1n,NA,Germ%C3%A1n,116307,Guadalajara,124162,2023-01-30T05:28:05Z,2023-01-28T20:25:19Z
#NFLPlayoffsEnTUDN,http://twitter.com/search?q=%23NFLPlayoffsEnTUDN,NA,%23NFLPlayoffsEnTUDN,NA,Guadalajara,124162,2023-01-30T05:28:05Z,2023-01-28T20:25:19Z
Juanito,http://twitter.com/search?q=Juanito,NA,Juanito,11123,Guadalajara,124162,2023-01-30T05:28:05Z,2023-01-28T20:25:19Z
Jagger,http://twitter.com/search?q=Jagger,NA,Jagger,11159,Guadalajara,124162,2023-01-30T05:28:05Z,2023-01-28T20:25:19Z
#SuperBowlLVII,http://twitter.com/search?q=%23SuperBowlLVII,NA,%23SuperBowlLVII,11820,Guadalajara,124162,2023-01-30T05:28:05Z,2023-01-28T20:25:19Z
Niners,http://twitter.com/search?q=Niners,NA,Niners,89724,Guadalajara,124162,2023-01-30T05:28:05Z,2023-01-28T20:25:19Z
Woody,http://twitter.com/search?q=Woody,NA,Woody,26925,Guadalajara,124162,2023-01-30T05:28:05Z,2023-01-28T20:25:19Z
Juanpa,http://twitter.com/search?q=Juanpa,NA,Juanpa,NA,Guadalajara,124162,2023-01-30T05:28:05Z,2023-01-28T20:25:19Z
Bengals,http://twitter.com/search?q=Bengals,NA,Bengals,118268,Guadalajara,124162,2023-01-30T05:28:05Z,2023-01-28T20:25:19Z
Ibai,http://twitter.com/search?q=Ibai,NA,Ibai,34061,Guadalajara,124162,2023-01-30T05:28:05Z,2023-01-28T20:25:19Z
Johnson,http://twitter.com/search?q=Johnson,NA,Johnson,169831,Guadalajara,124162,2023-01-30T05:28:05Z,2023-01-28T20:25:19Z
Chiefs,http://twitter.com/search?q=Chiefs,NA,Chiefs,112196,Guadalajara,124162,2023-01-30T05:28:05Z,2023-01-28T20:25:19Z
Filadelfia,http://twitter.com/search?q=Filadelfia,NA,Filadelfia,NA,Guadalajara,124162,2023-01-30T05:28:05Z,2023-01-28T20:25:19Z
Jordi,http://twitter.com/search?q=Jordi,NA,Jordi,16644,Guadalajara,124162,2023-01-30T05:28:05Z,2023-01-28T20:25:19Z
HUMBE NEW ERA,http://twitter.com/search?q=%22HUMBE+NEW+ERA%22,NA,%22HUMBE+NEW+ERA%22,NA,Guadalajara,124162,2023-01-30T05:28:05Z,2023-01-28T20:25:19Z
Trent Williams,http://twitter.com/search?q=%22Trent+Williams%22,NA,%22Trent+Williams%22,24342,Guadalajara,124162,2023-01-30T05:28:05Z,2023-01-28T20:25:19Z
Shanahan,http://twitter.com/search?q=Shanahan,NA,Shanahan,23644,Guadalajara,124162,2023-01-30T05:28:05Z,2023-01-28T20:25:19Z
Zilverk,http://twitter.com/search?q=Zilverk,NA,Zilverk,15069,Guadalajara,124162,2023-01-30T05:28:05Z,2023-01-28T20:25:19Z
Gabriel Caballero,http://twitter.com/search?q=%22Gabriel+Caballero%22,NA,%22Gabriel+Caballero%22,NA,Guadalajara,124162,2023-01-30T05:28:05Z,2023-01-28T20:25:19Z
Carola,http://twitter.com/search?q=Carola,NA,Carola,24146,Guadalajara,124162,2023-01-30T05:28:05Z,2023-01-28T20:25:19Z
Jelty,http://twitter.com/search?q=Jelty,NA,Jelty,NA,Guadalajara,124162,2023-01-30T05:28:05Z,2023-01-28T20:25:19Z
Lola,http://twitter.com/search?q=Lola,NA,Lola,51139,Guadalajara,124162,2023-01-30T05:28:05Z,2023-01-28T20:25:19Z
Conferencia Nacional,http://twitter.com/search?q=%22Conferencia+Nacional%22,NA,%22Conferencia+Nacional%22,NA,Guadalajara,124162,2023-01-30T05:28:05Z,2023-01-28T20:25:19Z
Karchez,http://twitter.com/search?q=Karchez,NA,Karchez,26432,Guadalajara,124162,2023-01-30T05:28:05Z,2023-01-28T20:25:19Z
Reborn,http://twitter.com/search?q=Reborn,NA,Reborn,23307,Guadalajara,124162,2023-01-30T05:28:05Z,2023-01-28T20:25:19Z
Maxo,http://twitter.com/search?q=Maxo,NA,Maxo,NA,Guadalajara,124162,2023-01-30T05:28:05Z,2023-01-28T20:25:19Z
JUAN ROLEPLAYER DEL AÑO,http://twitter.com/search?q=%22JUAN+ROLEPLAYER+DEL+A%C3%91O%22,NA,%22JUAN+ROLEPLAYER+DEL+A%C3%91O%22,NA,Guadalajara,124162,2023-01-30T05:28:05Z,2023-01-28T20:25:19Z
Luzu,http://twitter.com/search?q=Luzu,NA,Luzu,48138,Guadalajara,124162,2023-01-30T05:28:05Z,2023-01-28T20:25:19Z
Chichén Itzá,http://twitter.com/search?q=%22Chich%C3%A9n+Itz%C3%A1%22,NA,%22Chich%C3%A9n+Itz%C3%A1%22,NA,Guadalajara,124162,2023-01-30T05:28:05Z,2023-01-28T20:25:19Z
Napoli,http://twitter.com/search?q=Napoli,NA,Napoli,54358,Guadalajara,124162,2023-01-30T05:28:05Z,2023-01-28T20:25:19Z
4to QB,http://twitter.com/search?q=%224to+QB%22,NA,%224to+QB%22,NA,Guadalajara,124162,2023-01-30T05:28:05Z,2023-01-28T20:25:19Z
Robleis,http://twitter.com/search?q=Robleis,NA,Robleis,20278,Guadalajara,124162,2023-01-30T05:28:05Z,2023-01-28T20:25:19Z
Conway,http://twitter.com/search?q=Conway,NA,Conway,NA,Guadalajara,124162,2023-01-30T05:28:05Z,2023-01-28T20:25:19Z
Philly,http://twitter.com/search?q=Philly,NA,Philly,94492,Guadalajara,124162,2023-01-30T05:28:05Z,2023-01-28T20:25:19Z
Jesucristo,http://twitter.com/search?q=Jesucristo,NA,Jesucristo,13696,Guadalajara,124162,2023-01-30T05:28:05Z,2023-01-28T20:25:19Z
Hurts,http://twitter.com/search?q=Hurts,NA,Hurts,127261,Guadalajara,124162,2023-01-30T05:28:05Z,2023-01-28T20:25:19Z
Auron,http://twitter.com/search?q=Auron,NA,Auron,30071,Guadalajara,124162,2023-01-30T05:28:05Z,2023-01-28T20:25:19Z
Jimmy G,http://twitter.com/search?q=%22Jimmy+G%22,NA,%22Jimmy+G%22,10364,Guadalajara,124162,2023-01-30T05:28:05Z,2023-01-28T20:25:19Z
Bosa,http://twitter.com/search?q=Bosa,NA,Bosa,53658,Guadalajara,124162,2023-01-30T05:28:05Z,2023-01-28T20:25:19Z
Juan y Ari,http://twitter.com/search?q=%22Juan+y+Ari%22,NA,%22Juan+y+Ari%22,NA,Guadalajara,124162,2023-01-30T05:28:05Z,2023-01-28T20:25:19Z
PROUD OF QUACKITY,http://twitter.com/search?q=%22PROUD+OF+QUACKITY%22,NA,%22PROUD+OF+QUACKITY%22,NA,Guadalajara,124162,2023-01-30T05:28:05Z,2023-01-28T20:25:19Z
49ers,http://twitter.com/search?q=49ers,NA,49ers,298512,Hermosillo,124785,2023-01-30T05:28:06Z,2023-01-28T20:25:19Z
49ers,http://twitter.com/search?q=49ers,NA,49ers,298512,Hermosillo,124785,2023-01-30T05:28:06Z,2023-01-28T20:25:19Z
#esland2023,http://twitter.com/search?q=%23esland2023,NA,%23esland2023,83484,Hermosillo,124785,2023-01-30T05:28:06Z,2023-01-28T20:25:19Z
#FTTB,http://twitter.com/search?q=%23FTTB,NA,%23FTTB,34110,Hermosillo,124785,2023-01-30T05:28:06Z,2023-01-28T20:25:19Z
Germán,http://twitter.com/search?q=Germ%C3%A1n,NA,Germ%C3%A1n,116307,Hermosillo,124785,2023-01-30T05:28:06Z,2023-01-28T20:25:19Z
Purdy,http://twitter.com/search?q=Purdy,NA,Purdy,105454,Hermosillo,124785,2023-01-30T05:28:06Z,2023-01-28T20:25:19Z
Diana,http://twitter.com/search?q=Diana,NA,Diana,45768,Hermosillo,124785,2023-01-30T05:28:06Z,2023-01-28T20:25:19Z
#NFLxFSMX,http://twitter.com/search?q=%23NFLxFSMX,NA,%23NFLxFSMX,NA,Hermosillo,124785,2023-01-30T05:28:06Z,2023-01-28T20:25:19Z
Jhayco,http://twitter.com/search?q=Jhayco,NA,Jhayco,NA,Hermosillo,124785,2023-01-30T05:28:06Z,2023-01-28T20:25:19Z
Vicky,http://twitter.com/search?q=Vicky,NA,Vicky,30453,Hermosillo,124785,2023-01-30T05:28:06Z,2023-01-28T20:25:19Z
#NFLPlayoffsEnTUDN,http://twitter.com/search?q=%23NFLPlayoffsEnTUDN,NA,%23NFLPlayoffsEnTUDN,NA,Hermosillo,124785,2023-01-30T05:28:06Z,2023-01-28T20:25:19Z
Juanito,http://twitter.com/search?q=Juanito,NA,Juanito,11149,Hermosillo,124785,2023-01-30T05:28:06Z,2023-01-28T20:25:19Z
#SuperBowlLVII,http://twitter.com/search?q=%23SuperBowlLVII,NA,%23SuperBowlLVII,11820,Hermosillo,124785,2023-01-30T05:28:06Z,2023-01-28T20:25:19Z
Jagger,http://twitter.com/search?q=Jagger,NA,Jagger,11159,Hermosillo,124785,2023-01-30T05:28:06Z,2023-01-28T20:25:19Z
Niners,http://twitter.com/search?q=Niners,NA,Niners,89124,Hermosillo,124785,2023-01-30T05:28:06Z,2023-01-28T20:25:19Z
Woody,http://twitter.com/search?q=Woody,NA,Woody,26925,Hermosillo,124785,2023-01-30T05:28:06Z,2023-01-28T20:25:19Z
Juanpa,http://twitter.com/search?q=Juanpa,NA,Juanpa,NA,Hermosillo,124785,2023-01-30T05:28:06Z,2023-01-28T20:25:19Z
Bengals,http://twitter.com/search?q=Bengals,NA,Bengals,119997,Hermosillo,124785,2023-01-30T05:28:06Z,2023-01-28T20:25:19Z
Ibai,http://twitter.com/search?q=Ibai,NA,Ibai,34061,Hermosillo,124785,2023-01-30T05:28:06Z,2023-01-28T20:25:19Z
Chiefs,http://twitter.com/search?q=Chiefs,NA,Chiefs,112196,Hermosillo,124785,2023-01-30T05:28:06Z,2023-01-28T20:25:19Z
Johnson,http://twitter.com/search?q=Johnson,NA,Johnson,170316,Hermosillo,124785,2023-01-30T05:28:06Z,2023-01-28T20:25:19Z
Filadelfia,http://twitter.com/search?q=Filadelfia,NA,Filadelfia,NA,Hermosillo,124785,2023-01-30T05:28:06Z,2023-01-28T20:25:19Z
Jordi,http://twitter.com/search?q=Jordi,NA,Jordi,16644,Hermosillo,124785,2023-01-30T05:28:06Z,2023-01-28T20:25:19Z
Trent Williams,http://twitter.com/search?q=%22Trent+Williams%22,NA,%22Trent+Williams%22,24342,Hermosillo,124785,2023-01-30T05:28:06Z,2023-01-28T20:25:19Z
Shanahan,http://twitter.com/search?q=Shanahan,NA,Shanahan,23644,Hermosillo,124785,2023-01-30T05:28:06Z,2023-01-28T20:25:19Z
Zilverk,http://twitter.com/search?q=Zilverk,NA,Zilverk,15069,Hermosillo,124785,2023-01-30T05:28:06Z,2023-01-28T20:25:19Z
Gabriel Caballero,http://twitter.com/search?q=%22Gabriel+Caballero%22,NA,%22Gabriel+Caballero%22,NA,Hermosillo,124785,2023-01-30T05:28:06Z,2023-01-28T20:25:19Z
HUMBE NEW ERA,http://twitter.com/search?q=%22HUMBE+NEW+ERA%22,NA,%22HUMBE+NEW+ERA%22,NA,Hermosillo,124785,2023-01-30T05:28:06Z,2023-01-28T20:25:19Z
Carola,http://twitter.com/search?q=Carola,NA,Carola,24146,Hermosillo,124785,2023-01-30T05:28:06Z,2023-01-28T20:25:19Z
Jelty,http://twitter.com/search?q=Jelty,NA,Jelty,NA,Hermosillo,124785,2023-01-30T05:28:06Z,2023-01-28T20:25:19Z
Lola,http://twitter.com/search?q=Lola,NA,Lola,51139,Hermosillo,124785,2023-01-30T05:28:06Z,2023-01-28T20:25:19Z
Conferencia Nacional,http://twitter.com/search?q=%22Conferencia+Nacional%22,NA,%22Conferencia+Nacional%22,NA,Hermosillo,124785,2023-01-30T05:28:06Z,2023-01-28T20:25:19Z
Karchez,http://twitter.com/search?q=Karchez,NA,Karchez,26343,Hermosillo,124785,2023-01-30T05:28:06Z,2023-01-28T20:25:19Z
Reborn,http://twitter.com/search?q=Reborn,NA,Reborn,23307,Hermosillo,124785,2023-01-30T05:28:06Z,2023-01-28T20:25:19Z
Maxo,http://twitter.com/search?q=Maxo,NA,Maxo,NA,Hermosillo,124785,2023-01-30T05:28:06Z,2023-01-28T20:25:19Z
JUAN ROLEPLAYER DEL AÑO,http://twitter.com/search?q=%22JUAN+ROLEPLAYER+DEL+A%C3%91O%22,NA,%22JUAN+ROLEPLAYER+DEL+A%C3%91O%22,NA,Hermosillo,124785,2023-01-30T05:28:06Z,2023-01-28T20:25:19Z
Luzu,http://twitter.com/search?q=Luzu,NA,Luzu,48138,Hermosillo,124785,2023-01-30T05:28:06Z,2023-01-28T20:25:19Z
Chichén Itzá,http://twitter.com/search?q=%22Chich%C3%A9n+Itz%C3%A1%22,NA,%22Chich%C3%A9n+Itz%C3%A1%22,NA,Hermosillo,124785,2023-01-30T05:28:06Z,2023-01-28T20:25:19Z
Napoli,http://twitter.com/search?q=Napoli,NA,Napoli,54358,Hermosillo,124785,2023-01-30T05:28:06Z,2023-01-28T20:25:19Z
4to QB,http://twitter.com/search?q=%224to+QB%22,NA,%224to+QB%22,NA,Hermosillo,124785,2023-01-30T05:28:06Z,2023-01-28T20:25:19Z
Robleis,http://twitter.com/search?q=Robleis,NA,Robleis,20226,Hermosillo,124785,2023-01-30T05:28:06Z,2023-01-28T20:25:19Z
Conway,http://twitter.com/search?q=Conway,NA,Conway,NA,Hermosillo,124785,2023-01-30T05:28:06Z,2023-01-28T20:25:19Z
Philly,http://twitter.com/search?q=Philly,NA,Philly,95463,Hermosillo,124785,2023-01-30T05:28:06Z,2023-01-28T20:25:19Z
Jesucristo,http://twitter.com/search?q=Jesucristo,NA,Jesucristo,13696,Hermosillo,124785,2023-01-30T05:28:06Z,2023-01-28T20:25:19Z
Hurts,http://twitter.com/search?q=Hurts,NA,Hurts,127261,Hermosillo,124785,2023-01-30T05:28:06Z,2023-01-28T20:25:19Z
Auron,http://twitter.com/search?q=Auron,NA,Auron,30071,Hermosillo,124785,2023-01-30T05:28:06Z,2023-01-28T20:25:19Z
Jimmy G,http://twitter.com/search?q=%22Jimmy+G%22,NA,%22Jimmy+G%22,10364,Hermosillo,124785,2023-01-30T05:28:06Z,2023-01-28T20:25:19Z
Bosa,http://twitter.com/search?q=Bosa,NA,Bosa,53393,Hermosillo,124785,2023-01-30T05:28:06Z,2023-01-28T20:25:19Z
Juan y Ari,http://twitter.com/search?q=%22Juan+y+Ari%22,NA,%22Juan+y+Ari%22,NA,Hermosillo,124785,2023-01-30T05:28:06Z,2023-01-28T20:25:19Z
49ers,http://twitter.com/search?q=49ers,NA,49ers,298512,León,131068,2023-01-30T05:28:06Z,2023-01-28T20:25:19Z
49ers,http://twitter.com/search?q=49ers,NA,49ers,298512,León,131068,2023-01-30T05:28:06Z,2023-01-28T20:25:19Z
#esland2023,http://twitter.com/search?q=%23esland2023,NA,%23esland2023,83484,León,131068,2023-01-30T05:28:06Z,2023-01-28T20:25:19Z
Germán,http://twitter.com/search?q=Germ%C3%A1n,NA,Germ%C3%A1n,108480,León,131068,2023-01-30T05:28:06Z,2023-01-28T20:25:19Z
#FTTB,http://twitter.com/search?q=%23FTTB,NA,%23FTTB,34110,León,131068,2023-01-30T05:28:06Z,2023-01-28T20:25:19Z
Purdy,http://twitter.com/search?q=Purdy,NA,Purdy,105454,León,131068,2023-01-30T05:28:06Z,2023-01-28T20:25:19Z
Diana,http://twitter.com/search?q=Diana,NA,Diana,45768,León,131068,2023-01-30T05:28:06Z,2023-01-28T20:25:19Z
#NFLxFSMX,http://twitter.com/search?q=%23NFLxFSMX,NA,%23NFLxFSMX,NA,León,131068,2023-01-30T05:28:06Z,2023-01-28T20:25:19Z
Jhayco,http://twitter.com/search?q=Jhayco,NA,Jhayco,NA,León,131068,2023-01-30T05:28:06Z,2023-01-28T20:25:19Z
Vicky,http://twitter.com/search?q=Vicky,NA,Vicky,30453,León,131068,2023-01-30T05:28:06Z,2023-01-28T20:25:19Z
#NFLPlayoffsEnTUDN,http://twitter.com/search?q=%23NFLPlayoffsEnTUDN,NA,%23NFLPlayoffsEnTUDN,NA,León,131068,2023-01-30T05:28:06Z,2023-01-28T20:25:19Z
Juanito,http://twitter.com/search?q=Juanito,NA,Juanito,11123,León,131068,2023-01-30T05:28:06Z,2023-01-28T20:25:19Z
#SuperBowlLVII,http://twitter.com/search?q=%23SuperBowlLVII,NA,%23SuperBowlLVII,11820,León,131068,2023-01-30T05:28:06Z,2023-01-28T20:25:19Z
Jagger,http://twitter.com/search?q=Jagger,NA,Jagger,11159,León,131068,2023-01-30T05:28:06Z,2023-01-28T20:25:19Z
Niners,http://twitter.com/search?q=Niners,NA,Niners,89124,León,131068,2023-01-30T05:28:06Z,2023-01-28T20:25:19Z
Bengals,http://twitter.com/search?q=Bengals,NA,Bengals,118268,León,131068,2023-01-30T05:28:06Z,2023-01-28T20:25:19Z
Woody,http://twitter.com/search?q=Woody,NA,Woody,26925,León,131068,2023-01-30T05:28:06Z,2023-01-28T20:25:19Z
Juanpa,http://twitter.com/search?q=Juanpa,NA,Juanpa,NA,León,131068,2023-01-30T05:28:06Z,2023-01-28T20:25:19Z
Chiefs,http://twitter.com/search?q=Chiefs,NA,Chiefs,112196,León,131068,2023-01-30T05:28:06Z,2023-01-28T20:25:19Z
Ibai,http://twitter.com/search?q=Ibai,NA,Ibai,34061,León,131068,2023-01-30T05:28:06Z,2023-01-28T20:25:19Z
Johnson,http://twitter.com/search?q=Johnson,NA,Johnson,169831,León,131068,2023-01-30T05:28:06Z,2023-01-28T20:25:19Z
Filadelfia,http://twitter.com/search?q=Filadelfia,NA,Filadelfia,NA,León,131068,2023-01-30T05:28:06Z,2023-01-28T20:25:19Z
Jordi,http://twitter.com/search?q=Jordi,NA,Jordi,16644,León,131068,2023-01-30T05:28:06Z,2023-01-28T20:25:19Z
Trent Williams,http://twitter.com/search?q=%22Trent+Williams%22,NA,%22Trent+Williams%22,24342,León,131068,2023-01-30T05:28:06Z,2023-01-28T20:25:19Z
Shanahan,http://twitter.com/search?q=Shanahan,NA,Shanahan,23644,León,131068,2023-01-30T05:28:06Z,2023-01-28T20:25:19Z
Zilverk,http://twitter.com/search?q=Zilverk,NA,Zilverk,15018,León,131068,2023-01-30T05:28:06Z,2023-01-28T20:25:19Z
Gabriel Caballero,http://twitter.com/search?q=%22Gabriel+Caballero%22,NA,%22Gabriel+Caballero%22,NA,León,131068,2023-01-30T05:28:06Z,2023-01-28T20:25:19Z
HUMBE NEW ERA,http://twitter.com/search?q=%22HUMBE+NEW+ERA%22,NA,%22HUMBE+NEW+ERA%22,NA,León,131068,2023-01-30T05:28:06Z,2023-01-28T20:25:19Z
Carola,http://twitter.com/search?q=Carola,NA,Carola,24146,León,131068,2023-01-30T05:28:06Z,2023-01-28T20:25:19Z
Jelty,http://twitter.com/search?q=Jelty,NA,Jelty,NA,León,131068,2023-01-30T05:28:06Z,2023-01-28T20:25:19Z
Lola,http://twitter.com/search?q=Lola,NA,Lola,51139,León,131068,2023-01-30T05:28:06Z,2023-01-28T20:25:19Z
Conferencia Nacional,http://twitter.com/search?q=%22Conferencia+Nacional%22,NA,%22Conferencia+Nacional%22,NA,León,131068,2023-01-30T05:28:06Z,2023-01-28T20:25:19Z
Karchez,http://twitter.com/search?q=Karchez,NA,Karchez,26432,León,131068,2023-01-30T05:28:06Z,2023-01-28T20:25:19Z
Reborn,http://twitter.com/search?q=Reborn,NA,Reborn,23257,León,131068,2023-01-30T05:28:06Z,2023-01-28T20:25:19Z
Maxo,http://twitter.com/search?q=Maxo,NA,Maxo,NA,León,131068,2023-01-30T05:28:06Z,2023-01-28T20:25:19Z
JUAN ROLEPLAYER DEL AÑO,http://twitter.com/search?q=%22JUAN+ROLEPLAYER+DEL+A%C3%91O%22,NA,%22JUAN+ROLEPLAYER+DEL+A%C3%91O%22,NA,León,131068,2023-01-30T05:28:06Z,2023-01-28T20:25:19Z
Luzu,http://twitter.com/search?q=Luzu,NA,Luzu,48138,León,131068,2023-01-30T05:28:06Z,2023-01-28T20:25:19Z
Chichén Itzá,http://twitter.com/search?q=%22Chich%C3%A9n+Itz%C3%A1%22,NA,%22Chich%C3%A9n+Itz%C3%A1%22,NA,León,131068,2023-01-30T05:28:06Z,2023-01-28T20:25:19Z
Napoli,http://twitter.com/search?q=Napoli,NA,Napoli,54358,León,131068,2023-01-30T05:28:06Z,2023-01-28T20:25:19Z
4to QB,http://twitter.com/search?q=%224to+QB%22,NA,%224to+QB%22,NA,León,131068,2023-01-30T05:28:06Z,2023-01-28T20:25:19Z
Robleis,http://twitter.com/search?q=Robleis,NA,Robleis,20226,León,131068,2023-01-30T05:28:06Z,2023-01-28T20:25:19Z
Conway,http://twitter.com/search?q=Conway,NA,Conway,NA,León,131068,2023-01-30T05:28:06Z,2023-01-28T20:25:19Z
Philly,http://twitter.com/search?q=Philly,NA,Philly,95463,León,131068,2023-01-30T05:28:06Z,2023-01-28T20:25:19Z
Jesucristo,http://twitter.com/search?q=Jesucristo,NA,Jesucristo,13696,León,131068,2023-01-30T05:28:06Z,2023-01-28T20:25:19Z
Hurts,http://twitter.com/search?q=Hurts,NA,Hurts,127261,León,131068,2023-01-30T05:28:06Z,2023-01-28T20:25:19Z
Auron,http://twitter.com/search?q=Auron,NA,Auron,30071,León,131068,2023-01-30T05:28:06Z,2023-01-28T20:25:19Z
Jimmy G,http://twitter.com/search?q=%22Jimmy+G%22,NA,%22Jimmy+G%22,10364,León,131068,2023-01-30T05:28:06Z,2023-01-28T20:25:19Z
Rivers,http://twitter.com/search?q=Rivers,NA,Rivers,62213,León,131068,2023-01-30T05:28:06Z,2023-01-28T20:25:19Z
Bosa,http://twitter.com/search?q=Bosa,NA,Bosa,53393,León,131068,2023-01-30T05:28:06Z,2023-01-28T20:25:19Z
49ers,http://twitter.com/search?q=49ers,NA,49ers,302008,Mexicali,133475,2023-01-30T05:28:06Z,2023-01-28T20:25:19Z
49ers,http://twitter.com/search?q=49ers,NA,49ers,302008,Mexicali,133475,2023-01-30T05:28:06Z,2023-01-28T20:25:19Z
#esland2023,http://twitter.com/search?q=%23esland2023,NA,%23esland2023,83484,Mexicali,133475,2023-01-30T05:28:06Z,2023-01-28T20:25:19Z
#FTTB,http://twitter.com/search?q=%23FTTB,NA,%23FTTB,34110,Mexicali,133475,2023-01-30T05:28:06Z,2023-01-28T20:25:19Z
Purdy,http://twitter.com/search?q=Purdy,NA,Purdy,105454,Mexicali,133475,2023-01-30T05:28:06Z,2023-01-28T20:25:19Z
Germán,http://twitter.com/search?q=Germ%C3%A1n,NA,Germ%C3%A1n,116307,Mexicali,133475,2023-01-30T05:28:06Z,2023-01-28T20:25:19Z
Diana,http://twitter.com/search?q=Diana,NA,Diana,45768,Mexicali,133475,2023-01-30T05:28:06Z,2023-01-28T20:25:19Z
#NFLxFSMX,http://twitter.com/search?q=%23NFLxFSMX,NA,%23NFLxFSMX,NA,Mexicali,133475,2023-01-30T05:28:06Z,2023-01-28T20:25:19Z
Jhayco,http://twitter.com/search?q=Jhayco,NA,Jhayco,NA,Mexicali,133475,2023-01-30T05:28:06Z,2023-01-28T20:25:19Z
Vicky,http://twitter.com/search?q=Vicky,NA,Vicky,30453,Mexicali,133475,2023-01-30T05:28:06Z,2023-01-28T20:25:19Z
#NFLPlayoffsEnTUDN,http://twitter.com/search?q=%23NFLPlayoffsEnTUDN,NA,%23NFLPlayoffsEnTUDN,NA,Mexicali,133475,2023-01-30T05:28:06Z,2023-01-28T20:25:19Z
Juanito,http://twitter.com/search?q=Juanito,NA,Juanito,11123,Mexicali,133475,2023-01-30T05:28:06Z,2023-01-28T20:25:19Z
#SuperBowlLVII,http://twitter.com/search?q=%23SuperBowlLVII,NA,%23SuperBowlLVII,11820,Mexicali,133475,2023-01-30T05:28:06Z,2023-01-28T20:25:19Z
Jagger,http://twitter.com/search?q=Jagger,NA,Jagger,11159,Mexicali,133475,2023-01-30T05:28:06Z,2023-01-28T20:25:19Z
Niners,http://twitter.com/search?q=Niners,NA,Niners,89124,Mexicali,133475,2023-01-30T05:28:06Z,2023-01-28T20:25:19Z
Woody,http://twitter.com/search?q=Woody,NA,Woody,26925,Mexicali,133475,2023-01-30T05:28:06Z,2023-01-28T20:25:19Z
Juanpa,http://twitter.com/search?q=Juanpa,NA,Juanpa,NA,Mexicali,133475,2023-01-30T05:28:06Z,2023-01-28T20:25:19Z
Bengals,http://twitter.com/search?q=Bengals,NA,Bengals,118268,Mexicali,133475,2023-01-30T05:28:06Z,2023-01-28T20:25:19Z
Ibai,http://twitter.com/search?q=Ibai,NA,Ibai,34061,Mexicali,133475,2023-01-30T05:28:06Z,2023-01-28T20:25:19Z
Chiefs,http://twitter.com/search?q=Chiefs,NA,Chiefs,112196,Mexicali,133475,2023-01-30T05:28:06Z,2023-01-28T20:25:19Z
Johnson,http://twitter.com/search?q=Johnson,NA,Johnson,169831,Mexicali,133475,2023-01-30T05:28:06Z,2023-01-28T20:25:19Z
Filadelfia,http://twitter.com/search?q=Filadelfia,NA,Filadelfia,NA,Mexicali,133475,2023-01-30T05:28:06Z,2023-01-28T20:25:19Z
Jordi,http://twitter.com/search?q=Jordi,NA,Jordi,16644,Mexicali,133475,2023-01-30T05:28:06Z,2023-01-28T20:25:19Z
Trent Williams,http://twitter.com/search?q=%22Trent+Williams%22,NA,%22Trent+Williams%22,24342,Mexicali,133475,2023-01-30T05:28:06Z,2023-01-28T20:25:19Z
Shanahan,http://twitter.com/search?q=Shanahan,NA,Shanahan,23437,Mexicali,133475,2023-01-30T05:28:06Z,2023-01-28T20:25:19Z
Zilverk,http://twitter.com/search?q=Zilverk,NA,Zilverk,15069,Mexicali,133475,2023-01-30T05:28:06Z,2023-01-28T20:25:19Z
Gabriel Caballero,http://twitter.com/search?q=%22Gabriel+Caballero%22,NA,%22Gabriel+Caballero%22,NA,Mexicali,133475,2023-01-30T05:28:06Z,2023-01-28T20:25:19Z
HUMBE NEW ERA,http://twitter.com/search?q=%22HUMBE+NEW+ERA%22,NA,%22HUMBE+NEW+ERA%22,NA,Mexicali,133475,2023-01-30T05:28:06Z,2023-01-28T20:25:19Z
Carola,http://twitter.com/search?q=Carola,NA,Carola,24146,Mexicali,133475,2023-01-30T05:28:06Z,2023-01-28T20:25:19Z
Jelty,http://twitter.com/search?q=Jelty,NA,Jelty,NA,Mexicali,133475,2023-01-30T05:28:06Z,2023-01-28T20:25:19Z
Lola,http://twitter.com/search?q=Lola,NA,Lola,51139,Mexicali,133475,2023-01-30T05:28:06Z,2023-01-28T20:25:19Z
Conferencia Nacional,http://twitter.com/search?q=%22Conferencia+Nacional%22,NA,%22Conferencia+Nacional%22,NA,Mexicali,133475,2023-01-30T05:28:06Z,2023-01-28T20:25:19Z
Karchez,http://twitter.com/search?q=Karchez,NA,Karchez,26432,Mexicali,133475,2023-01-30T05:28:06Z,2023-01-28T20:25:19Z
Reborn,http://twitter.com/search?q=Reborn,NA,Reborn,23307,Mexicali,133475,2023-01-30T05:28:06Z,2023-01-28T20:25:19Z
Maxo,http://twitter.com/search?q=Maxo,NA,Maxo,NA,Mexicali,133475,2023-01-30T05:28:06Z,2023-01-28T20:25:19Z
JUAN ROLEPLAYER DEL AÑO,http://twitter.com/search?q=%22JUAN+ROLEPLAYER+DEL+A%C3%91O%22,NA,%22JUAN+ROLEPLAYER+DEL+A%C3%91O%22,NA,Mexicali,133475,2023-01-30T05:28:06Z,2023-01-28T20:25:19Z
Luzu,http://twitter.com/search?q=Luzu,NA,Luzu,48138,Mexicali,133475,2023-01-30T05:28:06Z,2023-01-28T20:25:19Z
Chichén Itzá,http://twitter.com/search?q=%22Chich%C3%A9n+Itz%C3%A1%22,NA,%22Chich%C3%A9n+Itz%C3%A1%22,NA,Mexicali,133475,2023-01-30T05:28:06Z,2023-01-28T20:25:19Z
Napoli,http://twitter.com/search?q=Napoli,NA,Napoli,54358,Mexicali,133475,2023-01-30T05:28:06Z,2023-01-28T20:25:19Z
4to QB,http://twitter.com/search?q=%224to+QB%22,NA,%224to+QB%22,NA,Mexicali,133475,2023-01-30T05:28:06Z,2023-01-28T20:25:19Z
Robleis,http://twitter.com/search?q=Robleis,NA,Robleis,20226,Mexicali,133475,2023-01-30T05:28:06Z,2023-01-28T20:25:19Z
Conway,http://twitter.com/search?q=Conway,NA,Conway,NA,Mexicali,133475,2023-01-30T05:28:06Z,2023-01-28T20:25:19Z
Philly,http://twitter.com/search?q=Philly,NA,Philly,95463,Mexicali,133475,2023-01-30T05:28:06Z,2023-01-28T20:25:19Z
Jesucristo,http://twitter.com/search?q=Jesucristo,NA,Jesucristo,13696,Mexicali,133475,2023-01-30T05:28:06Z,2023-01-28T20:25:19Z
Hurts,http://twitter.com/search?q=Hurts,NA,Hurts,127261,Mexicali,133475,2023-01-30T05:28:06Z,2023-01-28T20:25:19Z
Auron,http://twitter.com/search?q=Auron,NA,Auron,30071,Mexicali,133475,2023-01-30T05:28:06Z,2023-01-28T20:25:19Z
Jimmy G,http://twitter.com/search?q=%22Jimmy+G%22,NA,%22Jimmy+G%22,10364,Mexicali,133475,2023-01-30T05:28:06Z,2023-01-28T20:25:19Z
Bosa,http://twitter.com/search?q=Bosa,NA,Bosa,53393,Mexicali,133475,2023-01-30T05:28:06Z,2023-01-28T20:25:19Z
Juan y Ari,http://twitter.com/search?q=%22Juan+y+Ari%22,NA,%22Juan+y+Ari%22,NA,Mexicali,133475,2023-01-30T05:28:06Z,2023-01-28T20:25:19Z
#FelizDomingo,http://twitter.com/search?q=%23FelizDomingo,NA,%23FelizDomingo,19257,Mexico City,116545,2023-01-30T05:28:06Z,2023-01-28T20:25:19Z
Trump,http://twitter.com/search?q=Trump,NA,Trump,663538,Mexico City,116545,2023-01-30T05:28:06Z,2023-01-28T20:25:19Z
49ers,http://twitter.com/search?q=49ers,NA,49ers,302005,Mexico City,116545,2023-01-30T05:28:06Z,2023-01-28T20:25:19Z
49ers,http://twitter.com/search?q=49ers,NA,49ers,302005,Mexico City,116545,2023-01-30T05:28:06Z,2023-01-28T20:25:19Z
#esland2023,http://twitter.com/search?q=%23esland2023,NA,%23esland2023,83484,Mexico City,116545,2023-01-30T05:28:06Z,2023-01-28T20:25:19Z
Germán,http://twitter.com/search?q=Germ%C3%A1n,NA,Germ%C3%A1n,116307,Mexico City,116545,2023-01-30T05:28:06Z,2023-01-28T20:25:19Z
#FTTB,http://twitter.com/search?q=%23FTTB,NA,%23FTTB,34110,Mexico City,116545,2023-01-30T05:28:06Z,2023-01-28T20:25:19Z
Purdy,http://twitter.com/search?q=Purdy,NA,Purdy,105454,Mexico City,116545,2023-01-30T05:28:06Z,2023-01-28T20:25:19Z
Diana,http://twitter.com/search?q=Diana,NA,Diana,45768,Mexico City,116545,2023-01-30T05:28:06Z,2023-01-28T20:25:19Z
#NFLxFSMX,http://twitter.com/search?q=%23NFLxFSMX,NA,%23NFLxFSMX,NA,Mexico City,116545,2023-01-30T05:28:06Z,2023-01-28T20:25:19Z
Jhayco,http://twitter.com/search?q=Jhayco,NA,Jhayco,NA,Mexico City,116545,2023-01-30T05:28:06Z,2023-01-28T20:25:19Z
Vicky,http://twitter.com/search?q=Vicky,NA,Vicky,30453,Mexico City,116545,2023-01-30T05:28:06Z,2023-01-28T20:25:19Z
#NFLPlayoffsEnTUDN,http://twitter.com/search?q=%23NFLPlayoffsEnTUDN,NA,%23NFLPlayoffsEnTUDN,NA,Mexico City,116545,2023-01-30T05:28:06Z,2023-01-28T20:25:19Z
Juanito,http://twitter.com/search?q=Juanito,NA,Juanito,11123,Mexico City,116545,2023-01-30T05:28:06Z,2023-01-28T20:25:19Z
Jagger,http://twitter.com/search?q=Jagger,NA,Jagger,11159,Mexico City,116545,2023-01-30T05:28:06Z,2023-01-28T20:25:19Z
Niners,http://twitter.com/search?q=Niners,NA,Niners,89724,Mexico City,116545,2023-01-30T05:28:06Z,2023-01-28T20:25:19Z
Bengals,http://twitter.com/search?q=Bengals,NA,Bengals,118268,Mexico City,116545,2023-01-30T05:28:06Z,2023-01-28T20:25:19Z
Woody,http://twitter.com/search?q=Woody,NA,Woody,26925,Mexico City,116545,2023-01-30T05:28:06Z,2023-01-28T20:25:19Z
Juanpa,http://twitter.com/search?q=Juanpa,NA,Juanpa,NA,Mexico City,116545,2023-01-30T05:28:06Z,2023-01-28T20:25:19Z
Chiefs,http://twitter.com/search?q=Chiefs,NA,Chiefs,112196,Mexico City,116545,2023-01-30T05:28:06Z,2023-01-28T20:25:19Z
Ibai,http://twitter.com/search?q=Ibai,NA,Ibai,34061,Mexico City,116545,2023-01-30T05:28:06Z,2023-01-28T20:25:19Z
Johnson,http://twitter.com/search?q=Johnson,NA,Johnson,169831,Mexico City,116545,2023-01-30T05:28:06Z,2023-01-28T20:25:19Z
Filadelfia,http://twitter.com/search?q=Filadelfia,NA,Filadelfia,NA,Mexico City,116545,2023-01-30T05:28:06Z,2023-01-28T20:25:19Z
Jordi,http://twitter.com/search?q=Jordi,NA,Jordi,16644,Mexico City,116545,2023-01-30T05:28:06Z,2023-01-28T20:25:19Z
Trent Williams,http://twitter.com/search?q=%22Trent+Williams%22,NA,%22Trent+Williams%22,24342,Mexico City,116545,2023-01-30T05:28:06Z,2023-01-28T20:25:19Z
Shanahan,http://twitter.com/search?q=Shanahan,NA,Shanahan,23644,Mexico City,116545,2023-01-30T05:28:06Z,2023-01-28T20:25:19Z
Zilverk,http://twitter.com/search?q=Zilverk,NA,Zilverk,15069,Mexico City,116545,2023-01-30T05:28:06Z,2023-01-28T20:25:19Z
Gabriel Caballero,http://twitter.com/search?q=%22Gabriel+Caballero%22,NA,%22Gabriel+Caballero%22,NA,Mexico City,116545,2023-01-30T05:28:06Z,2023-01-28T20:25:19Z
HUMBE NEW ERA,http://twitter.com/search?q=%22HUMBE+NEW+ERA%22,NA,%22HUMBE+NEW+ERA%22,NA,Mexico City,116545,2023-01-30T05:28:06Z,2023-01-28T20:25:19Z
Carola,http://twitter.com/search?q=Carola,NA,Carola,24146,Mexico City,116545,2023-01-30T05:28:06Z,2023-01-28T20:25:19Z
Conferencia Nacional,http://twitter.com/search?q=%22Conferencia+Nacional%22,NA,%22Conferencia+Nacional%22,NA,Mexico City,116545,2023-01-30T05:28:06Z,2023-01-28T20:25:19Z
Jelty,http://twitter.com/search?q=Jelty,NA,Jelty,NA,Mexico City,116545,2023-01-30T05:28:06Z,2023-01-28T20:25:19Z
Lola,http://twitter.com/search?q=Lola,NA,Lola,51139,Mexico City,116545,2023-01-30T05:28:06Z,2023-01-28T20:25:19Z
Karchez,http://twitter.com/search?q=Karchez,NA,Karchez,26343,Mexico City,116545,2023-01-30T05:28:06Z,2023-01-28T20:25:19Z
Reborn,http://twitter.com/search?q=Reborn,NA,Reborn,23307,Mexico City,116545,2023-01-30T05:28:06Z,2023-01-28T20:25:19Z
Maxo,http://twitter.com/search?q=Maxo,NA,Maxo,NA,Mexico City,116545,2023-01-30T05:28:06Z,2023-01-28T20:25:19Z
JUAN ROLEPLAYER DEL AÑO,http://twitter.com/search?q=%22JUAN+ROLEPLAYER+DEL+A%C3%91O%22,NA,%22JUAN+ROLEPLAYER+DEL+A%C3%91O%22,NA,Mexico City,116545,2023-01-30T05:28:06Z,2023-01-28T20:25:19Z
Luzu,http://twitter.com/search?q=Luzu,NA,Luzu,48138,Mexico City,116545,2023-01-30T05:28:06Z,2023-01-28T20:25:19Z
Chichén Itzá,http://twitter.com/search?q=%22Chich%C3%A9n+Itz%C3%A1%22,NA,%22Chich%C3%A9n+Itz%C3%A1%22,NA,Mexico City,116545,2023-01-30T05:28:06Z,2023-01-28T20:25:19Z
Napoli,http://twitter.com/search?q=Napoli,NA,Napoli,54358,Mexico City,116545,2023-01-30T05:28:06Z,2023-01-28T20:25:19Z
4to QB,http://twitter.com/search?q=%224to+QB%22,NA,%224to+QB%22,NA,Mexico City,116545,2023-01-30T05:28:06Z,2023-01-28T20:25:19Z
Robleis,http://twitter.com/search?q=Robleis,NA,Robleis,20226,Mexico City,116545,2023-01-30T05:28:06Z,2023-01-28T20:25:19Z
Conway,http://twitter.com/search?q=Conway,NA,Conway,NA,Mexico City,116545,2023-01-30T05:28:06Z,2023-01-28T20:25:19Z
Philly,http://twitter.com/search?q=Philly,NA,Philly,94492,Mexico City,116545,2023-01-30T05:28:06Z,2023-01-28T20:25:19Z
Jesucristo,http://twitter.com/search?q=Jesucristo,NA,Jesucristo,13676,Mexico City,116545,2023-01-30T05:28:06Z,2023-01-28T20:25:19Z
Hurts,http://twitter.com/search?q=Hurts,NA,Hurts,127261,Mexico City,116545,2023-01-30T05:28:06Z,2023-01-28T20:25:19Z
Auron,http://twitter.com/search?q=Auron,NA,Auron,30071,Mexico City,116545,2023-01-30T05:28:06Z,2023-01-28T20:25:19Z
Rivers,http://twitter.com/search?q=Rivers,NA,Rivers,62213,Mexico City,116545,2023-01-30T05:28:06Z,2023-01-28T20:25:19Z
Jimmy G,http://twitter.com/search?q=%22Jimmy+G%22,NA,%22Jimmy+G%22,10574,Mexico City,116545,2023-01-30T05:28:06Z,2023-01-28T20:25:19Z
Bosa,http://twitter.com/search?q=Bosa,NA,Bosa,53393,Mexico City,116545,2023-01-30T05:28:06Z,2023-01-28T20:25:19Z
49ers,http://twitter.com/search?q=49ers,NA,49ers,298512,Monterrey,134047,2023-01-30T05:28:07Z,2023-01-28T20:25:19Z
49ers,http://twitter.com/search?q=49ers,NA,49ers,298512,Monterrey,134047,2023-01-30T05:28:07Z,2023-01-28T20:25:19Z
#esland2023,http://twitter.com/search?q=%23esland2023,NA,%23esland2023,83484,Monterrey,134047,2023-01-30T05:28:07Z,2023-01-28T20:25:19Z
Germán,http://twitter.com/search?q=Germ%C3%A1n,NA,Germ%C3%A1n,108480,Monterrey,134047,2023-01-30T05:28:07Z,2023-01-28T20:25:19Z
#FTTB,http://twitter.com/search?q=%23FTTB,NA,%23FTTB,34110,Monterrey,134047,2023-01-30T05:28:07Z,2023-01-28T20:25:19Z
Purdy,http://twitter.com/search?q=Purdy,NA,Purdy,105454,Monterrey,134047,2023-01-30T05:28:07Z,2023-01-28T20:25:19Z
Diana,http://twitter.com/search?q=Diana,NA,Diana,45768,Monterrey,134047,2023-01-30T05:28:07Z,2023-01-28T20:25:19Z
#NFLxFSMX,http://twitter.com/search?q=%23NFLxFSMX,NA,%23NFLxFSMX,NA,Monterrey,134047,2023-01-30T05:28:07Z,2023-01-28T20:25:19Z
Jhayco,http://twitter.com/search?q=Jhayco,NA,Jhayco,NA,Monterrey,134047,2023-01-30T05:28:07Z,2023-01-28T20:25:19Z
Vicky,http://twitter.com/search?q=Vicky,NA,Vicky,30453,Monterrey,134047,2023-01-30T05:28:07Z,2023-01-28T20:25:19Z
#NFLPlayoffsEnTUDN,http://twitter.com/search?q=%23NFLPlayoffsEnTUDN,NA,%23NFLPlayoffsEnTUDN,NA,Monterrey,134047,2023-01-30T05:28:07Z,2023-01-28T20:25:19Z
Juanito,http://twitter.com/search?q=Juanito,NA,Juanito,11149,Monterrey,134047,2023-01-30T05:28:07Z,2023-01-28T20:25:19Z
#SuperBowlLVII,http://twitter.com/search?q=%23SuperBowlLVII,NA,%23SuperBowlLVII,11820,Monterrey,134047,2023-01-30T05:28:07Z,2023-01-28T20:25:19Z
Jagger,http://twitter.com/search?q=Jagger,NA,Jagger,11159,Monterrey,134047,2023-01-30T05:28:07Z,2023-01-28T20:25:19Z
Niners,http://twitter.com/search?q=Niners,NA,Niners,89724,Monterrey,134047,2023-01-30T05:28:07Z,2023-01-28T20:25:19Z
Bengals,http://twitter.com/search?q=Bengals,NA,Bengals,118268,Monterrey,134047,2023-01-30T05:28:07Z,2023-01-28T20:25:19Z
Woody,http://twitter.com/search?q=Woody,NA,Woody,26925,Monterrey,134047,2023-01-30T05:28:07Z,2023-01-28T20:25:19Z
Juanpa,http://twitter.com/search?q=Juanpa,NA,Juanpa,NA,Monterrey,134047,2023-01-30T05:28:07Z,2023-01-28T20:25:19Z
Chiefs,http://twitter.com/search?q=Chiefs,NA,Chiefs,112196,Monterrey,134047,2023-01-30T05:28:07Z,2023-01-28T20:25:19Z
Ibai,http://twitter.com/search?q=Ibai,NA,Ibai,34168,Monterrey,134047,2023-01-30T05:28:07Z,2023-01-28T20:25:19Z
Johnson,http://twitter.com/search?q=Johnson,NA,Johnson,169831,Monterrey,134047,2023-01-30T05:28:07Z,2023-01-28T20:25:19Z
Filadelfia,http://twitter.com/search?q=Filadelfia,NA,Filadelfia,NA,Monterrey,134047,2023-01-30T05:28:07Z,2023-01-28T20:25:19Z
Jordi,http://twitter.com/search?q=Jordi,NA,Jordi,16644,Monterrey,134047,2023-01-30T05:28:07Z,2023-01-28T20:25:19Z
Trent Williams,http://twitter.com/search?q=%22Trent+Williams%22,NA,%22Trent+Williams%22,24342,Monterrey,134047,2023-01-30T05:28:07Z,2023-01-28T20:25:19Z
Shanahan,http://twitter.com/search?q=Shanahan,NA,Shanahan,23644,Monterrey,134047,2023-01-30T05:28:07Z,2023-01-28T20:25:19Z
Zilverk,http://twitter.com/search?q=Zilverk,NA,Zilverk,15018,Monterrey,134047,2023-01-30T05:28:07Z,2023-01-28T20:25:19Z
Gabriel Caballero,http://twitter.com/search?q=%22Gabriel+Caballero%22,NA,%22Gabriel+Caballero%22,NA,Monterrey,134047,2023-01-30T05:28:07Z,2023-01-28T20:25:19Z
HUMBE NEW ERA,http://twitter.com/search?q=%22HUMBE+NEW+ERA%22,NA,%22HUMBE+NEW+ERA%22,NA,Monterrey,134047,2023-01-30T05:28:07Z,2023-01-28T20:25:19Z
Carola,http://twitter.com/search?q=Carola,NA,Carola,24146,Monterrey,134047,2023-01-30T05:28:07Z,2023-01-28T20:25:19Z
Jelty,http://twitter.com/search?q=Jelty,NA,Jelty,NA,Monterrey,134047,2023-01-30T05:28:07Z,2023-01-28T20:25:19Z
Lola,http://twitter.com/search?q=Lola,NA,Lola,51139,Monterrey,134047,2023-01-30T05:28:07Z,2023-01-28T20:25:19Z
Conferencia Nacional,http://twitter.com/search?q=%22Conferencia+Nacional%22,NA,%22Conferencia+Nacional%22,NA,Monterrey,134047,2023-01-30T05:28:07Z,2023-01-28T20:25:19Z
Karchez,http://twitter.com/search?q=Karchez,NA,Karchez,26343,Monterrey,134047,2023-01-30T05:28:07Z,2023-01-28T20:25:19Z
Reborn,http://twitter.com/search?q=Reborn,NA,Reborn,23307,Monterrey,134047,2023-01-30T05:28:07Z,2023-01-28T20:25:19Z
Maxo,http://twitter.com/search?q=Maxo,NA,Maxo,NA,Monterrey,134047,2023-01-30T05:28:07Z,2023-01-28T20:25:19Z
JUAN ROLEPLAYER DEL AÑO,http://twitter.com/search?q=%22JUAN+ROLEPLAYER+DEL+A%C3%91O%22,NA,%22JUAN+ROLEPLAYER+DEL+A%C3%91O%22,NA,Monterrey,134047,2023-01-30T05:28:07Z,2023-01-28T20:25:19Z
Luzu,http://twitter.com/search?q=Luzu,NA,Luzu,48138,Monterrey,134047,2023-01-30T05:28:07Z,2023-01-28T20:25:19Z
Chichén Itzá,http://twitter.com/search?q=%22Chich%C3%A9n+Itz%C3%A1%22,NA,%22Chich%C3%A9n+Itz%C3%A1%22,NA,Monterrey,134047,2023-01-30T05:28:07Z,2023-01-28T20:25:19Z
Napoli,http://twitter.com/search?q=Napoli,NA,Napoli,54358,Monterrey,134047,2023-01-30T05:28:07Z,2023-01-28T20:25:19Z
4to QB,http://twitter.com/search?q=%224to+QB%22,NA,%224to+QB%22,NA,Monterrey,134047,2023-01-30T05:28:07Z,2023-01-28T20:25:19Z
Robleis,http://twitter.com/search?q=Robleis,NA,Robleis,20278,Monterrey,134047,2023-01-30T05:28:07Z,2023-01-28T20:25:19Z
Conway,http://twitter.com/search?q=Conway,NA,Conway,NA,Monterrey,134047,2023-01-30T05:28:07Z,2023-01-28T20:25:19Z
Philly,http://twitter.com/search?q=Philly,NA,Philly,95463,Monterrey,134047,2023-01-30T05:28:07Z,2023-01-28T20:25:19Z
Jesucristo,http://twitter.com/search?q=Jesucristo,NA,Jesucristo,13696,Monterrey,134047,2023-01-30T05:28:07Z,2023-01-28T20:25:19Z
Hurts,http://twitter.com/search?q=Hurts,NA,Hurts,127261,Monterrey,134047,2023-01-30T05:28:07Z,2023-01-28T20:25:19Z
Auron,http://twitter.com/search?q=Auron,NA,Auron,30071,Monterrey,134047,2023-01-30T05:28:07Z,2023-01-28T20:25:19Z
Jimmy G,http://twitter.com/search?q=%22Jimmy+G%22,NA,%22Jimmy+G%22,10364,Monterrey,134047,2023-01-30T05:28:07Z,2023-01-28T20:25:19Z
Rivers,http://twitter.com/search?q=Rivers,NA,Rivers,62213,Monterrey,134047,2023-01-30T05:28:07Z,2023-01-28T20:25:19Z
Bosa,http://twitter.com/search?q=Bosa,NA,Bosa,53658,Monterrey,134047,2023-01-30T05:28:07Z,2023-01-28T20:25:19Z
Juan y Ari,http://twitter.com/search?q=%22Juan+y+Ari%22,NA,%22Juan+y+Ari%22,NA,Monterrey,134047,2023-01-30T05:28:07Z,2023-01-28T20:25:19Z
49ers,http://twitter.com/search?q=49ers,NA,49ers,302005,Morelia,134091,2023-01-30T05:28:07Z,2023-01-28T20:25:19Z
49ers,http://twitter.com/search?q=49ers,NA,49ers,302005,Morelia,134091,2023-01-30T05:28:07Z,2023-01-28T20:25:19Z
#esland2023,http://twitter.com/search?q=%23esland2023,NA,%23esland2023,83484,Morelia,134091,2023-01-30T05:28:07Z,2023-01-28T20:25:19Z
#FTTB,http://twitter.com/search?q=%23FTTB,NA,%23FTTB,34110,Morelia,134091,2023-01-30T05:28:07Z,2023-01-28T20:25:19Z
Purdy,http://twitter.com/search?q=Purdy,NA,Purdy,105454,Morelia,134091,2023-01-30T05:28:07Z,2023-01-28T20:25:19Z
Germán,http://twitter.com/search?q=Germ%C3%A1n,NA,Germ%C3%A1n,116307,Morelia,134091,2023-01-30T05:28:07Z,2023-01-28T20:25:19Z
Diana,http://twitter.com/search?q=Diana,NA,Diana,45768,Morelia,134091,2023-01-30T05:28:07Z,2023-01-28T20:25:19Z
#NFLxFSMX,http://twitter.com/search?q=%23NFLxFSMX,NA,%23NFLxFSMX,NA,Morelia,134091,2023-01-30T05:28:07Z,2023-01-28T20:25:19Z
Jhayco,http://twitter.com/search?q=Jhayco,NA,Jhayco,NA,Morelia,134091,2023-01-30T05:28:07Z,2023-01-28T20:25:19Z
Vicky,http://twitter.com/search?q=Vicky,NA,Vicky,30453,Morelia,134091,2023-01-30T05:28:07Z,2023-01-28T20:25:19Z
#NFLPlayoffsEnTUDN,http://twitter.com/search?q=%23NFLPlayoffsEnTUDN,NA,%23NFLPlayoffsEnTUDN,NA,Morelia,134091,2023-01-30T05:28:07Z,2023-01-28T20:25:19Z
Juanito,http://twitter.com/search?q=Juanito,NA,Juanito,11123,Morelia,134091,2023-01-30T05:28:07Z,2023-01-28T20:25:19Z
Jagger,http://twitter.com/search?q=Jagger,NA,Jagger,11159,Morelia,134091,2023-01-30T05:28:07Z,2023-01-28T20:25:19Z
Niners,http://twitter.com/search?q=Niners,NA,Niners,89724,Morelia,134091,2023-01-30T05:28:07Z,2023-01-28T20:25:19Z
Woody,http://twitter.com/search?q=Woody,NA,Woody,26925,Morelia,134091,2023-01-30T05:28:07Z,2023-01-28T20:25:19Z
Juanpa,http://twitter.com/search?q=Juanpa,NA,Juanpa,NA,Morelia,134091,2023-01-30T05:28:07Z,2023-01-28T20:25:19Z
Bengals,http://twitter.com/search?q=Bengals,NA,Bengals,118268,Morelia,134091,2023-01-30T05:28:07Z,2023-01-28T20:25:19Z
Ibai,http://twitter.com/search?q=Ibai,NA,Ibai,34168,Morelia,134091,2023-01-30T05:28:07Z,2023-01-28T20:25:19Z
Chiefs,http://twitter.com/search?q=Chiefs,NA,Chiefs,112196,Morelia,134091,2023-01-30T05:28:07Z,2023-01-28T20:25:19Z
Johnson,http://twitter.com/search?q=Johnson,NA,Johnson,169831,Morelia,134091,2023-01-30T05:28:07Z,2023-01-28T20:25:19Z
Filadelfia,http://twitter.com/search?q=Filadelfia,NA,Filadelfia,NA,Morelia,134091,2023-01-30T05:28:07Z,2023-01-28T20:25:19Z
Jordi,http://twitter.com/search?q=Jordi,NA,Jordi,16644,Morelia,134091,2023-01-30T05:28:07Z,2023-01-28T20:25:19Z
Trent Williams,http://twitter.com/search?q=%22Trent+Williams%22,NA,%22Trent+Williams%22,24342,Morelia,134091,2023-01-30T05:28:07Z,2023-01-28T20:25:19Z
Shanahan,http://twitter.com/search?q=Shanahan,NA,Shanahan,23644,Morelia,134091,2023-01-30T05:28:07Z,2023-01-28T20:25:19Z
Zilverk,http://twitter.com/search?q=Zilverk,NA,Zilverk,15018,Morelia,134091,2023-01-30T05:28:07Z,2023-01-28T20:25:19Z
Gabriel Caballero,http://twitter.com/search?q=%22Gabriel+Caballero%22,NA,%22Gabriel+Caballero%22,NA,Morelia,134091,2023-01-30T05:28:07Z,2023-01-28T20:25:19Z
HUMBE NEW ERA,http://twitter.com/search?q=%22HUMBE+NEW+ERA%22,NA,%22HUMBE+NEW+ERA%22,NA,Morelia,134091,2023-01-30T05:28:07Z,2023-01-28T20:25:19Z
Carola,http://twitter.com/search?q=Carola,NA,Carola,24146,Morelia,134091,2023-01-30T05:28:07Z,2023-01-28T20:25:19Z
Jelty,http://twitter.com/search?q=Jelty,NA,Jelty,NA,Morelia,134091,2023-01-30T05:28:07Z,2023-01-28T20:25:19Z
Lola,http://twitter.com/search?q=Lola,NA,Lola,51139,Morelia,134091,2023-01-30T05:28:07Z,2023-01-28T20:25:19Z
Conferencia Nacional,http://twitter.com/search?q=%22Conferencia+Nacional%22,NA,%22Conferencia+Nacional%22,NA,Morelia,134091,2023-01-30T05:28:07Z,2023-01-28T20:25:19Z
Karchez,http://twitter.com/search?q=Karchez,NA,Karchez,26432,Morelia,134091,2023-01-30T05:28:07Z,2023-01-28T20:25:19Z
Reborn,http://twitter.com/search?q=Reborn,NA,Reborn,23307,Morelia,134091,2023-01-30T05:28:07Z,2023-01-28T20:25:19Z
Maxo,http://twitter.com/search?q=Maxo,NA,Maxo,NA,Morelia,134091,2023-01-30T05:28:07Z,2023-01-28T20:25:19Z
JUAN ROLEPLAYER DEL AÑO,http://twitter.com/search?q=%22JUAN+ROLEPLAYER+DEL+A%C3%91O%22,NA,%22JUAN+ROLEPLAYER+DEL+A%C3%91O%22,NA,Morelia,134091,2023-01-30T05:28:07Z,2023-01-28T20:25:19Z
Luzu,http://twitter.com/search?q=Luzu,NA,Luzu,48138,Morelia,134091,2023-01-30T05:28:07Z,2023-01-28T20:25:19Z
Chichén Itzá,http://twitter.com/search?q=%22Chich%C3%A9n+Itz%C3%A1%22,NA,%22Chich%C3%A9n+Itz%C3%A1%22,NA,Morelia,134091,2023-01-30T05:28:07Z,2023-01-28T20:25:19Z
Napoli,http://twitter.com/search?q=Napoli,NA,Napoli,54358,Morelia,134091,2023-01-30T05:28:07Z,2023-01-28T20:25:19Z
4to QB,http://twitter.com/search?q=%224to+QB%22,NA,%224to+QB%22,NA,Morelia,134091,2023-01-30T05:28:07Z,2023-01-28T20:25:19Z
Robleis,http://twitter.com/search?q=Robleis,NA,Robleis,20278,Morelia,134091,2023-01-30T05:28:07Z,2023-01-28T20:25:19Z
Conway,http://twitter.com/search?q=Conway,NA,Conway,NA,Morelia,134091,2023-01-30T05:28:07Z,2023-01-28T20:25:19Z
Philly,http://twitter.com/search?q=Philly,NA,Philly,94492,Morelia,134091,2023-01-30T05:28:07Z,2023-01-28T20:25:19Z
Jesucristo,http://twitter.com/search?q=Jesucristo,NA,Jesucristo,13696,Morelia,134091,2023-01-30T05:28:07Z,2023-01-28T20:25:19Z
Hurts,http://twitter.com/search?q=Hurts,NA,Hurts,127261,Morelia,134091,2023-01-30T05:28:07Z,2023-01-28T20:25:19Z
Auron,http://twitter.com/search?q=Auron,NA,Auron,30071,Morelia,134091,2023-01-30T05:28:07Z,2023-01-28T20:25:19Z
Jimmy G,http://twitter.com/search?q=%22Jimmy+G%22,NA,%22Jimmy+G%22,10364,Morelia,134091,2023-01-30T05:28:07Z,2023-01-28T20:25:19Z
Bosa,http://twitter.com/search?q=Bosa,NA,Bosa,53658,Morelia,134091,2023-01-30T05:28:07Z,2023-01-28T20:25:19Z
Juan y Ari,http://twitter.com/search?q=%22Juan+y+Ari%22,NA,%22Juan+y+Ari%22,NA,Morelia,134091,2023-01-30T05:28:07Z,2023-01-28T20:25:19Z
PROUD OF QUACKITY,http://twitter.com/search?q=%22PROUD+OF+QUACKITY%22,NA,%22PROUD+OF+QUACKITY%22,NA,Morelia,134091,2023-01-30T05:28:07Z,2023-01-28T20:25:19Z
49ers,http://twitter.com/search?q=49ers,NA,49ers,298512,Mérida,133327,2023-01-30T05:28:07Z,2023-01-28T20:25:19Z
49ers,http://twitter.com/search?q=49ers,NA,49ers,298512,Mérida,133327,2023-01-30T05:28:07Z,2023-01-28T20:25:19Z
#esland2023,http://twitter.com/search?q=%23esland2023,NA,%23esland2023,83484,Mérida,133327,2023-01-30T05:28:07Z,2023-01-28T20:25:19Z
#FTTB,http://twitter.com/search?q=%23FTTB,NA,%23FTTB,34249,Mérida,133327,2023-01-30T05:28:07Z,2023-01-28T20:25:19Z
Germán,http://twitter.com/search?q=Germ%C3%A1n,NA,Germ%C3%A1n,116307,Mérida,133327,2023-01-30T05:28:07Z,2023-01-28T20:25:19Z
Purdy,http://twitter.com/search?q=Purdy,NA,Purdy,105454,Mérida,133327,2023-01-30T05:28:07Z,2023-01-28T20:25:19Z
Diana,http://twitter.com/search?q=Diana,NA,Diana,45768,Mérida,133327,2023-01-30T05:28:07Z,2023-01-28T20:25:19Z
#NFLxFSMX,http://twitter.com/search?q=%23NFLxFSMX,NA,%23NFLxFSMX,NA,Mérida,133327,2023-01-30T05:28:07Z,2023-01-28T20:25:19Z
Jhayco,http://twitter.com/search?q=Jhayco,NA,Jhayco,NA,Mérida,133327,2023-01-30T05:28:07Z,2023-01-28T20:25:19Z
Vicky,http://twitter.com/search?q=Vicky,NA,Vicky,30453,Mérida,133327,2023-01-30T05:28:07Z,2023-01-28T20:25:19Z
#NFLPlayoffsEnTUDN,http://twitter.com/search?q=%23NFLPlayoffsEnTUDN,NA,%23NFLPlayoffsEnTUDN,NA,Mérida,133327,2023-01-30T05:28:07Z,2023-01-28T20:25:19Z
Juanito,http://twitter.com/search?q=Juanito,NA,Juanito,11123,Mérida,133327,2023-01-30T05:28:07Z,2023-01-28T20:25:19Z
#SuperBowlLVII,http://twitter.com/search?q=%23SuperBowlLVII,NA,%23SuperBowlLVII,11820,Mérida,133327,2023-01-30T05:28:07Z,2023-01-28T20:25:19Z
Jagger,http://twitter.com/search?q=Jagger,NA,Jagger,11159,Mérida,133327,2023-01-30T05:28:07Z,2023-01-28T20:25:19Z
Niners,http://twitter.com/search?q=Niners,NA,Niners,89124,Mérida,133327,2023-01-30T05:28:07Z,2023-01-28T20:25:19Z
Woody,http://twitter.com/search?q=Woody,NA,Woody,26925,Mérida,133327,2023-01-30T05:28:07Z,2023-01-28T20:25:19Z
Juanpa,http://twitter.com/search?q=Juanpa,NA,Juanpa,NA,Mérida,133327,2023-01-30T05:28:07Z,2023-01-28T20:25:19Z
Bengals,http://twitter.com/search?q=Bengals,NA,Bengals,118268,Mérida,133327,2023-01-30T05:28:07Z,2023-01-28T20:25:19Z
Ibai,http://twitter.com/search?q=Ibai,NA,Ibai,34061,Mérida,133327,2023-01-30T05:28:07Z,2023-01-28T20:25:19Z
Chiefs,http://twitter.com/search?q=Chiefs,NA,Chiefs,112196,Mérida,133327,2023-01-30T05:28:07Z,2023-01-28T20:25:19Z
Johnson,http://twitter.com/search?q=Johnson,NA,Johnson,169831,Mérida,133327,2023-01-30T05:28:07Z,2023-01-28T20:25:19Z
Filadelfia,http://twitter.com/search?q=Filadelfia,NA,Filadelfia,NA,Mérida,133327,2023-01-30T05:28:07Z,2023-01-28T20:25:19Z
Jordi,http://twitter.com/search?q=Jordi,NA,Jordi,16644,Mérida,133327,2023-01-30T05:28:07Z,2023-01-28T20:25:19Z
Trent Williams,http://twitter.com/search?q=%22Trent+Williams%22,NA,%22Trent+Williams%22,24342,Mérida,133327,2023-01-30T05:28:07Z,2023-01-28T20:25:19Z
Shanahan,http://twitter.com/search?q=Shanahan,NA,Shanahan,23644,Mérida,133327,2023-01-30T05:28:07Z,2023-01-28T20:25:19Z
Zilverk,http://twitter.com/search?q=Zilverk,NA,Zilverk,15069,Mérida,133327,2023-01-30T05:28:07Z,2023-01-28T20:25:19Z
Gabriel Caballero,http://twitter.com/search?q=%22Gabriel+Caballero%22,NA,%22Gabriel+Caballero%22,NA,Mérida,133327,2023-01-30T05:28:07Z,2023-01-28T20:25:19Z
HUMBE NEW ERA,http://twitter.com/search?q=%22HUMBE+NEW+ERA%22,NA,%22HUMBE+NEW+ERA%22,NA,Mérida,133327,2023-01-30T05:28:07Z,2023-01-28T20:25:19Z
Carola,http://twitter.com/search?q=Carola,NA,Carola,24146,Mérida,133327,2023-01-30T05:28:07Z,2023-01-28T20:25:19Z
Jelty,http://twitter.com/search?q=Jelty,NA,Jelty,NA,Mérida,133327,2023-01-30T05:28:07Z,2023-01-28T20:25:19Z
Lola,http://twitter.com/search?q=Lola,NA,Lola,51139,Mérida,133327,2023-01-30T05:28:07Z,2023-01-28T20:25:19Z
Conferencia Nacional,http://twitter.com/search?q=%22Conferencia+Nacional%22,NA,%22Conferencia+Nacional%22,NA,Mérida,133327,2023-01-30T05:28:07Z,2023-01-28T20:25:19Z
Karchez,http://twitter.com/search?q=Karchez,NA,Karchez,26432,Mérida,133327,2023-01-30T05:28:07Z,2023-01-28T20:25:19Z
Reborn,http://twitter.com/search?q=Reborn,NA,Reborn,23307,Mérida,133327,2023-01-30T05:28:07Z,2023-01-28T20:25:19Z
Maxo,http://twitter.com/search?q=Maxo,NA,Maxo,NA,Mérida,133327,2023-01-30T05:28:07Z,2023-01-28T20:25:19Z
JUAN ROLEPLAYER DEL AÑO,http://twitter.com/search?q=%22JUAN+ROLEPLAYER+DEL+A%C3%91O%22,NA,%22JUAN+ROLEPLAYER+DEL+A%C3%91O%22,NA,Mérida,133327,2023-01-30T05:28:07Z,2023-01-28T20:25:19Z
Luzu,http://twitter.com/search?q=Luzu,NA,Luzu,48138,Mérida,133327,2023-01-30T05:28:07Z,2023-01-28T20:25:19Z
Chichén Itzá,http://twitter.com/search?q=%22Chich%C3%A9n+Itz%C3%A1%22,NA,%22Chich%C3%A9n+Itz%C3%A1%22,NA,Mérida,133327,2023-01-30T05:28:07Z,2023-01-28T20:25:19Z
Napoli,http://twitter.com/search?q=Napoli,NA,Napoli,54358,Mérida,133327,2023-01-30T05:28:07Z,2023-01-28T20:25:19Z
4to QB,http://twitter.com/search?q=%224to+QB%22,NA,%224to+QB%22,NA,Mérida,133327,2023-01-30T05:28:07Z,2023-01-28T20:25:19Z
Robleis,http://twitter.com/search?q=Robleis,NA,Robleis,20278,Mérida,133327,2023-01-30T05:28:07Z,2023-01-28T20:25:19Z
Conway,http://twitter.com/search?q=Conway,NA,Conway,NA,Mérida,133327,2023-01-30T05:28:07Z,2023-01-28T20:25:19Z
Philly,http://twitter.com/search?q=Philly,NA,Philly,94492,Mérida,133327,2023-01-30T05:28:07Z,2023-01-28T20:25:19Z
Jesucristo,http://twitter.com/search?q=Jesucristo,NA,Jesucristo,13696,Mérida,133327,2023-01-30T05:28:07Z,2023-01-28T20:25:19Z
Hurts,http://twitter.com/search?q=Hurts,NA,Hurts,127261,Mérida,133327,2023-01-30T05:28:07Z,2023-01-28T20:25:19Z
Auron,http://twitter.com/search?q=Auron,NA,Auron,30071,Mérida,133327,2023-01-30T05:28:07Z,2023-01-28T20:25:19Z
Jimmy G,http://twitter.com/search?q=%22Jimmy+G%22,NA,%22Jimmy+G%22,10364,Mérida,133327,2023-01-30T05:28:07Z,2023-01-28T20:25:19Z
Bosa,http://twitter.com/search?q=Bosa,NA,Bosa,53393,Mérida,133327,2023-01-30T05:28:07Z,2023-01-28T20:25:19Z
Juan y Ari,http://twitter.com/search?q=%22Juan+y+Ari%22,NA,%22Juan+y+Ari%22,NA,Mérida,133327,2023-01-30T05:28:07Z,2023-01-28T20:25:19Z
49ers,http://twitter.com/search?q=49ers,NA,49ers,298512,Naucalpan de Juárez,134395,2023-01-30T05:28:07Z,2023-01-28T20:25:19Z
49ers,http://twitter.com/search?q=49ers,NA,49ers,298512,Naucalpan de Juárez,134395,2023-01-30T05:28:07Z,2023-01-28T20:25:19Z
#esland2023,http://twitter.com/search?q=%23esland2023,NA,%23esland2023,83484,Naucalpan de Juárez,134395,2023-01-30T05:28:07Z,2023-01-28T20:25:19Z
Germán,http://twitter.com/search?q=Germ%C3%A1n,NA,Germ%C3%A1n,116307,Naucalpan de Juárez,134395,2023-01-30T05:28:07Z,2023-01-28T20:25:19Z
#FTTB,http://twitter.com/search?q=%23FTTB,NA,%23FTTB,34110,Naucalpan de Juárez,134395,2023-01-30T05:28:07Z,2023-01-28T20:25:19Z
Purdy,http://twitter.com/search?q=Purdy,NA,Purdy,105454,Naucalpan de Juárez,134395,2023-01-30T05:28:07Z,2023-01-28T20:25:19Z
Diana,http://twitter.com/search?q=Diana,NA,Diana,45768,Naucalpan de Juárez,134395,2023-01-30T05:28:07Z,2023-01-28T20:25:19Z
#NFLxFSMX,http://twitter.com/search?q=%23NFLxFSMX,NA,%23NFLxFSMX,NA,Naucalpan de Juárez,134395,2023-01-30T05:28:07Z,2023-01-28T20:25:19Z
Jhayco,http://twitter.com/search?q=Jhayco,NA,Jhayco,NA,Naucalpan de Juárez,134395,2023-01-30T05:28:07Z,2023-01-28T20:25:19Z
Vicky,http://twitter.com/search?q=Vicky,NA,Vicky,30453,Naucalpan de Juárez,134395,2023-01-30T05:28:07Z,2023-01-28T20:25:19Z
#NFLPlayoffsEnTUDN,http://twitter.com/search?q=%23NFLPlayoffsEnTUDN,NA,%23NFLPlayoffsEnTUDN,NA,Naucalpan de Juárez,134395,2023-01-30T05:28:07Z,2023-01-28T20:25:19Z
Juanito,http://twitter.com/search?q=Juanito,NA,Juanito,11123,Naucalpan de Juárez,134395,2023-01-30T05:28:07Z,2023-01-28T20:25:19Z
Jagger,http://twitter.com/search?q=Jagger,NA,Jagger,11159,Naucalpan de Juárez,134395,2023-01-30T05:28:07Z,2023-01-28T20:25:19Z
Niners,http://twitter.com/search?q=Niners,NA,Niners,89724,Naucalpan de Juárez,134395,2023-01-30T05:28:07Z,2023-01-28T20:25:19Z
Bengals,http://twitter.com/search?q=Bengals,NA,Bengals,118268,Naucalpan de Juárez,134395,2023-01-30T05:28:07Z,2023-01-28T20:25:19Z
Woody,http://twitter.com/search?q=Woody,NA,Woody,26925,Naucalpan de Juárez,134395,2023-01-30T05:28:07Z,2023-01-28T20:25:19Z
Juanpa,http://twitter.com/search?q=Juanpa,NA,Juanpa,NA,Naucalpan de Juárez,134395,2023-01-30T05:28:07Z,2023-01-28T20:25:19Z
Chiefs,http://twitter.com/search?q=Chiefs,NA,Chiefs,112196,Naucalpan de Juárez,134395,2023-01-30T05:28:07Z,2023-01-28T20:25:19Z
Ibai,http://twitter.com/search?q=Ibai,NA,Ibai,34061,Naucalpan de Juárez,134395,2023-01-30T05:28:07Z,2023-01-28T20:25:19Z
Johnson,http://twitter.com/search?q=Johnson,NA,Johnson,169831,Naucalpan de Juárez,134395,2023-01-30T05:28:07Z,2023-01-28T20:25:19Z
Filadelfia,http://twitter.com/search?q=Filadelfia,NA,Filadelfia,NA,Naucalpan de Juárez,134395,2023-01-30T05:28:07Z,2023-01-28T20:25:19Z
Jordi,http://twitter.com/search?q=Jordi,NA,Jordi,16644,Naucalpan de Juárez,134395,2023-01-30T05:28:07Z,2023-01-28T20:25:19Z
Trent Williams,http://twitter.com/search?q=%22Trent+Williams%22,NA,%22Trent+Williams%22,24342,Naucalpan de Juárez,134395,2023-01-30T05:28:07Z,2023-01-28T20:25:19Z
Shanahan,http://twitter.com/search?q=Shanahan,NA,Shanahan,23644,Naucalpan de Juárez,134395,2023-01-30T05:28:07Z,2023-01-28T20:25:19Z
Zilverk,http://twitter.com/search?q=Zilverk,NA,Zilverk,15069,Naucalpan de Juárez,134395,2023-01-30T05:28:07Z,2023-01-28T20:25:19Z
Gabriel Caballero,http://twitter.com/search?q=%22Gabriel+Caballero%22,NA,%22Gabriel+Caballero%22,NA,Naucalpan de Juárez,134395,2023-01-30T05:28:07Z,2023-01-28T20:25:19Z
HUMBE NEW ERA,http://twitter.com/search?q=%22HUMBE+NEW+ERA%22,NA,%22HUMBE+NEW+ERA%22,NA,Naucalpan de Juárez,134395,2023-01-30T05:28:07Z,2023-01-28T20:25:19Z
Carola,http://twitter.com/search?q=Carola,NA,Carola,24146,Naucalpan de Juárez,134395,2023-01-30T05:28:07Z,2023-01-28T20:25:19Z
Conferencia Nacional,http://twitter.com/search?q=%22Conferencia+Nacional%22,NA,%22Conferencia+Nacional%22,NA,Naucalpan de Juárez,134395,2023-01-30T05:28:07Z,2023-01-28T20:25:19Z
Jelty,http://twitter.com/search?q=Jelty,NA,Jelty,NA,Naucalpan de Juárez,134395,2023-01-30T05:28:07Z,2023-01-28T20:25:19Z
Lola,http://twitter.com/search?q=Lola,NA,Lola,51139,Naucalpan de Juárez,134395,2023-01-30T05:28:07Z,2023-01-28T20:25:19Z
Karchez,http://twitter.com/search?q=Karchez,NA,Karchez,26432,Naucalpan de Juárez,134395,2023-01-30T05:28:07Z,2023-01-28T20:25:19Z
Reborn,http://twitter.com/search?q=Reborn,NA,Reborn,23307,Naucalpan de Juárez,134395,2023-01-30T05:28:07Z,2023-01-28T20:25:19Z
Maxo,http://twitter.com/search?q=Maxo,NA,Maxo,NA,Naucalpan de Juárez,134395,2023-01-30T05:28:07Z,2023-01-28T20:25:19Z
JUAN ROLEPLAYER DEL AÑO,http://twitter.com/search?q=%22JUAN+ROLEPLAYER+DEL+A%C3%91O%22,NA,%22JUAN+ROLEPLAYER+DEL+A%C3%91O%22,NA,Naucalpan de Juárez,134395,2023-01-30T05:28:07Z,2023-01-28T20:25:19Z
Luzu,http://twitter.com/search?q=Luzu,NA,Luzu,48138,Naucalpan de Juárez,134395,2023-01-30T05:28:07Z,2023-01-28T20:25:19Z
Chichén Itzá,http://twitter.com/search?q=%22Chich%C3%A9n+Itz%C3%A1%22,NA,%22Chich%C3%A9n+Itz%C3%A1%22,NA,Naucalpan de Juárez,134395,2023-01-30T05:28:07Z,2023-01-28T20:25:19Z
Napoli,http://twitter.com/search?q=Napoli,NA,Napoli,54358,Naucalpan de Juárez,134395,2023-01-30T05:28:07Z,2023-01-28T20:25:19Z
4to QB,http://twitter.com/search?q=%224to+QB%22,NA,%224to+QB%22,NA,Naucalpan de Juárez,134395,2023-01-30T05:28:07Z,2023-01-28T20:25:19Z
Robleis,http://twitter.com/search?q=Robleis,NA,Robleis,20226,Naucalpan de Juárez,134395,2023-01-30T05:28:07Z,2023-01-28T20:25:19Z
Conway,http://twitter.com/search?q=Conway,NA,Conway,NA,Naucalpan de Juárez,134395,2023-01-30T05:28:07Z,2023-01-28T20:25:19Z
Philly,http://twitter.com/search?q=Philly,NA,Philly,95463,Naucalpan de Juárez,134395,2023-01-30T05:28:07Z,2023-01-28T20:25:19Z
Jesucristo,http://twitter.com/search?q=Jesucristo,NA,Jesucristo,13696,Naucalpan de Juárez,134395,2023-01-30T05:28:07Z,2023-01-28T20:25:19Z
Hurts,http://twitter.com/search?q=Hurts,NA,Hurts,127261,Naucalpan de Juárez,134395,2023-01-30T05:28:07Z,2023-01-28T20:25:19Z
Rivers,http://twitter.com/search?q=Rivers,NA,Rivers,62213,Naucalpan de Juárez,134395,2023-01-30T05:28:07Z,2023-01-28T20:25:19Z
Auron,http://twitter.com/search?q=Auron,NA,Auron,30071,Naucalpan de Juárez,134395,2023-01-30T05:28:07Z,2023-01-28T20:25:19Z
Jimmy G,http://twitter.com/search?q=%22Jimmy+G%22,NA,%22Jimmy+G%22,10364,Naucalpan de Juárez,134395,2023-01-30T05:28:07Z,2023-01-28T20:25:19Z
Bosa,http://twitter.com/search?q=Bosa,NA,Bosa,53393,Naucalpan de Juárez,134395,2023-01-30T05:28:07Z,2023-01-28T20:25:19Z
Juan y Ari,http://twitter.com/search?q=%22Juan+y+Ari%22,NA,%22Juan+y+Ari%22,NA,Naucalpan de Juárez,134395,2023-01-30T05:28:07Z,2023-01-28T20:25:19Z
49ers,http://twitter.com/search?q=49ers,NA,49ers,302005,Nezahualcóyotl,116564,2023-01-30T05:28:07Z,2023-01-28T20:25:19Z
49ers,http://twitter.com/search?q=49ers,NA,49ers,302005,Nezahualcóyotl,116564,2023-01-30T05:28:07Z,2023-01-28T20:25:19Z
#esland2023,http://twitter.com/search?q=%23esland2023,NA,%23esland2023,83484,Nezahualcóyotl,116564,2023-01-30T05:28:07Z,2023-01-28T20:25:19Z
Germán,http://twitter.com/search?q=Germ%C3%A1n,NA,Germ%C3%A1n,116307,Nezahualcóyotl,116564,2023-01-30T05:28:07Z,2023-01-28T20:25:19Z
#FTTB,http://twitter.com/search?q=%23FTTB,NA,%23FTTB,34249,Nezahualcóyotl,116564,2023-01-30T05:28:07Z,2023-01-28T20:25:19Z
Purdy,http://twitter.com/search?q=Purdy,NA,Purdy,105454,Nezahualcóyotl,116564,2023-01-30T05:28:07Z,2023-01-28T20:25:19Z
Diana,http://twitter.com/search?q=Diana,NA,Diana,45768,Nezahualcóyotl,116564,2023-01-30T05:28:07Z,2023-01-28T20:25:19Z
#NFLxFSMX,http://twitter.com/search?q=%23NFLxFSMX,NA,%23NFLxFSMX,NA,Nezahualcóyotl,116564,2023-01-30T05:28:07Z,2023-01-28T20:25:19Z
Jhayco,http://twitter.com/search?q=Jhayco,NA,Jhayco,NA,Nezahualcóyotl,116564,2023-01-30T05:28:07Z,2023-01-28T20:25:19Z
Vicky,http://twitter.com/search?q=Vicky,NA,Vicky,30453,Nezahualcóyotl,116564,2023-01-30T05:28:07Z,2023-01-28T20:25:19Z
#NFLPlayoffsEnTUDN,http://twitter.com/search?q=%23NFLPlayoffsEnTUDN,NA,%23NFLPlayoffsEnTUDN,NA,Nezahualcóyotl,116564,2023-01-30T05:28:07Z,2023-01-28T20:25:19Z
Juanito,http://twitter.com/search?q=Juanito,NA,Juanito,11149,Nezahualcóyotl,116564,2023-01-30T05:28:07Z,2023-01-28T20:25:19Z
Jagger,http://twitter.com/search?q=Jagger,NA,Jagger,11159,Nezahualcóyotl,116564,2023-01-30T05:28:07Z,2023-01-28T20:25:19Z
Niners,http://twitter.com/search?q=Niners,NA,Niners,89724,Nezahualcóyotl,116564,2023-01-30T05:28:07Z,2023-01-28T20:25:19Z
Bengals,http://twitter.com/search?q=Bengals,NA,Bengals,119997,Nezahualcóyotl,116564,2023-01-30T05:28:07Z,2023-01-28T20:25:19Z
Woody,http://twitter.com/search?q=Woody,NA,Woody,26925,Nezahualcóyotl,116564,2023-01-30T05:28:07Z,2023-01-28T20:25:19Z
Juanpa,http://twitter.com/search?q=Juanpa,NA,Juanpa,NA,Nezahualcóyotl,116564,2023-01-30T05:28:07Z,2023-01-28T20:25:19Z
Chiefs,http://twitter.com/search?q=Chiefs,NA,Chiefs,112196,Nezahualcóyotl,116564,2023-01-30T05:28:07Z,2023-01-28T20:25:19Z
Ibai,http://twitter.com/search?q=Ibai,NA,Ibai,34061,Nezahualcóyotl,116564,2023-01-30T05:28:07Z,2023-01-28T20:25:19Z
Johnson,http://twitter.com/search?q=Johnson,NA,Johnson,170316,Nezahualcóyotl,116564,2023-01-30T05:28:07Z,2023-01-28T20:25:19Z
Filadelfia,http://twitter.com/search?q=Filadelfia,NA,Filadelfia,NA,Nezahualcóyotl,116564,2023-01-30T05:28:07Z,2023-01-28T20:25:19Z
Jordi,http://twitter.com/search?q=Jordi,NA,Jordi,16676,Nezahualcóyotl,116564,2023-01-30T05:28:07Z,2023-01-28T20:25:19Z
Trent Williams,http://twitter.com/search?q=%22Trent+Williams%22,NA,%22Trent+Williams%22,24342,Nezahualcóyotl,116564,2023-01-30T05:28:07Z,2023-01-28T20:25:19Z
Shanahan,http://twitter.com/search?q=Shanahan,NA,Shanahan,23644,Nezahualcóyotl,116564,2023-01-30T05:28:07Z,2023-01-28T20:25:19Z
Zilverk,http://twitter.com/search?q=Zilverk,NA,Zilverk,15018,Nezahualcóyotl,116564,2023-01-30T05:28:07Z,2023-01-28T20:25:19Z
Gabriel Caballero,http://twitter.com/search?q=%22Gabriel+Caballero%22,NA,%22Gabriel+Caballero%22,NA,Nezahualcóyotl,116564,2023-01-30T05:28:07Z,2023-01-28T20:25:19Z
HUMBE NEW ERA,http://twitter.com/search?q=%22HUMBE+NEW+ERA%22,NA,%22HUMBE+NEW+ERA%22,NA,Nezahualcóyotl,116564,2023-01-30T05:28:07Z,2023-01-28T20:25:19Z
Carola,http://twitter.com/search?q=Carola,NA,Carola,24146,Nezahualcóyotl,116564,2023-01-30T05:28:07Z,2023-01-28T20:25:19Z
Conferencia Nacional,http://twitter.com/search?q=%22Conferencia+Nacional%22,NA,%22Conferencia+Nacional%22,NA,Nezahualcóyotl,116564,2023-01-30T05:28:07Z,2023-01-28T20:25:19Z
Jelty,http://twitter.com/search?q=Jelty,NA,Jelty,NA,Nezahualcóyotl,116564,2023-01-30T05:28:07Z,2023-01-28T20:25:19Z
Lola,http://twitter.com/search?q=Lola,NA,Lola,51139,Nezahualcóyotl,116564,2023-01-30T05:28:07Z,2023-01-28T20:25:19Z
Karchez,http://twitter.com/search?q=Karchez,NA,Karchez,26432,Nezahualcóyotl,116564,2023-01-30T05:28:07Z,2023-01-28T20:25:19Z
Reborn,http://twitter.com/search?q=Reborn,NA,Reborn,23307,Nezahualcóyotl,116564,2023-01-30T05:28:07Z,2023-01-28T20:25:19Z
Maxo,http://twitter.com/search?q=Maxo,NA,Maxo,NA,Nezahualcóyotl,116564,2023-01-30T05:28:07Z,2023-01-28T20:25:19Z
JUAN ROLEPLAYER DEL AÑO,http://twitter.com/search?q=%22JUAN+ROLEPLAYER+DEL+A%C3%91O%22,NA,%22JUAN+ROLEPLAYER+DEL+A%C3%91O%22,NA,Nezahualcóyotl,116564,2023-01-30T05:28:07Z,2023-01-28T20:25:19Z
Luzu,http://twitter.com/search?q=Luzu,NA,Luzu,48138,Nezahualcóyotl,116564,2023-01-30T05:28:07Z,2023-01-28T20:25:19Z
Chichén Itzá,http://twitter.com/search?q=%22Chich%C3%A9n+Itz%C3%A1%22,NA,%22Chich%C3%A9n+Itz%C3%A1%22,NA,Nezahualcóyotl,116564,2023-01-30T05:28:07Z,2023-01-28T20:25:19Z
Napoli,http://twitter.com/search?q=Napoli,NA,Napoli,54358,Nezahualcóyotl,116564,2023-01-30T05:28:07Z,2023-01-28T20:25:19Z
4to QB,http://twitter.com/search?q=%224to+QB%22,NA,%224to+QB%22,NA,Nezahualcóyotl,116564,2023-01-30T05:28:07Z,2023-01-28T20:25:19Z
Robleis,http://twitter.com/search?q=Robleis,NA,Robleis,20226,Nezahualcóyotl,116564,2023-01-30T05:28:07Z,2023-01-28T20:25:19Z
Conway,http://twitter.com/search?q=Conway,NA,Conway,NA,Nezahualcóyotl,116564,2023-01-30T05:28:07Z,2023-01-28T20:25:19Z
Philly,http://twitter.com/search?q=Philly,NA,Philly,95463,Nezahualcóyotl,116564,2023-01-30T05:28:07Z,2023-01-28T20:25:19Z
Jesucristo,http://twitter.com/search?q=Jesucristo,NA,Jesucristo,13676,Nezahualcóyotl,116564,2023-01-30T05:28:07Z,2023-01-28T20:25:19Z
Hurts,http://twitter.com/search?q=Hurts,NA,Hurts,127261,Nezahualcóyotl,116564,2023-01-30T05:28:07Z,2023-01-28T20:25:19Z
Auron,http://twitter.com/search?q=Auron,NA,Auron,30071,Nezahualcóyotl,116564,2023-01-30T05:28:07Z,2023-01-28T20:25:19Z
Rivers,http://twitter.com/search?q=Rivers,NA,Rivers,62213,Nezahualcóyotl,116564,2023-01-30T05:28:07Z,2023-01-28T20:25:19Z
Jimmy G,http://twitter.com/search?q=%22Jimmy+G%22,NA,%22Jimmy+G%22,10364,Nezahualcóyotl,116564,2023-01-30T05:28:07Z,2023-01-28T20:25:19Z
Bosa,http://twitter.com/search?q=Bosa,NA,Bosa,53658,Nezahualcóyotl,116564,2023-01-30T05:28:07Z,2023-01-28T20:25:19Z
Juan y Ari,http://twitter.com/search?q=%22Juan+y+Ari%22,NA,%22Juan+y+Ari%22,NA,Nezahualcóyotl,116564,2023-01-30T05:28:07Z,2023-01-28T20:25:19Z
49ers,http://twitter.com/search?q=49ers,NA,49ers,298512,Puebla,137612,2023-01-30T05:28:08Z,2023-01-28T20:25:19Z
49ers,http://twitter.com/search?q=49ers,NA,49ers,298512,Puebla,137612,2023-01-30T05:28:08Z,2023-01-28T20:25:19Z
#esland2023,http://twitter.com/search?q=%23esland2023,NA,%23esland2023,83484,Puebla,137612,2023-01-30T05:28:08Z,2023-01-28T20:25:19Z
Germán,http://twitter.com/search?q=Germ%C3%A1n,NA,Germ%C3%A1n,116307,Puebla,137612,2023-01-30T05:28:08Z,2023-01-28T20:25:19Z
#FTTB,http://twitter.com/search?q=%23FTTB,NA,%23FTTB,34110,Puebla,137612,2023-01-30T05:28:08Z,2023-01-28T20:25:19Z
Purdy,http://twitter.com/search?q=Purdy,NA,Purdy,105454,Puebla,137612,2023-01-30T05:28:08Z,2023-01-28T20:25:19Z
Diana,http://twitter.com/search?q=Diana,NA,Diana,45768,Puebla,137612,2023-01-30T05:28:08Z,2023-01-28T20:25:19Z
#NFLxFSMX,http://twitter.com/search?q=%23NFLxFSMX,NA,%23NFLxFSMX,NA,Puebla,137612,2023-01-30T05:28:08Z,2023-01-28T20:25:19Z
Jhayco,http://twitter.com/search?q=Jhayco,NA,Jhayco,NA,Puebla,137612,2023-01-30T05:28:08Z,2023-01-28T20:25:19Z
Vicky,http://twitter.com/search?q=Vicky,NA,Vicky,30453,Puebla,137612,2023-01-30T05:28:08Z,2023-01-28T20:25:19Z
#NFLPlayoffsEnTUDN,http://twitter.com/search?q=%23NFLPlayoffsEnTUDN,NA,%23NFLPlayoffsEnTUDN,NA,Puebla,137612,2023-01-30T05:28:08Z,2023-01-28T20:25:19Z
Juanito,http://twitter.com/search?q=Juanito,NA,Juanito,11149,Puebla,137612,2023-01-30T05:28:08Z,2023-01-28T20:25:19Z
#SuperBowlLVII,http://twitter.com/search?q=%23SuperBowlLVII,NA,%23SuperBowlLVII,11820,Puebla,137612,2023-01-30T05:28:08Z,2023-01-28T20:25:19Z
Jagger,http://twitter.com/search?q=Jagger,NA,Jagger,11159,Puebla,137612,2023-01-30T05:28:08Z,2023-01-28T20:25:19Z
Niners,http://twitter.com/search?q=Niners,NA,Niners,89724,Puebla,137612,2023-01-30T05:28:08Z,2023-01-28T20:25:19Z
Bengals,http://twitter.com/search?q=Bengals,NA,Bengals,118268,Puebla,137612,2023-01-30T05:28:08Z,2023-01-28T20:25:19Z
Woody,http://twitter.com/search?q=Woody,NA,Woody,26925,Puebla,137612,2023-01-30T05:28:08Z,2023-01-28T20:25:19Z
Juanpa,http://twitter.com/search?q=Juanpa,NA,Juanpa,NA,Puebla,137612,2023-01-30T05:28:08Z,2023-01-28T20:25:19Z
Chiefs,http://twitter.com/search?q=Chiefs,NA,Chiefs,112196,Puebla,137612,2023-01-30T05:28:08Z,2023-01-28T20:25:19Z
Ibai,http://twitter.com/search?q=Ibai,NA,Ibai,34061,Puebla,137612,2023-01-30T05:28:08Z,2023-01-28T20:25:19Z
Johnson,http://twitter.com/search?q=Johnson,NA,Johnson,169831,Puebla,137612,2023-01-30T05:28:08Z,2023-01-28T20:25:19Z
Filadelfia,http://twitter.com/search?q=Filadelfia,NA,Filadelfia,NA,Puebla,137612,2023-01-30T05:28:08Z,2023-01-28T20:25:19Z
Jordi,http://twitter.com/search?q=Jordi,NA,Jordi,16644,Puebla,137612,2023-01-30T05:28:08Z,2023-01-28T20:25:19Z
Trent Williams,http://twitter.com/search?q=%22Trent+Williams%22,NA,%22Trent+Williams%22,24342,Puebla,137612,2023-01-30T05:28:08Z,2023-01-28T20:25:19Z
Shanahan,http://twitter.com/search?q=Shanahan,NA,Shanahan,23644,Puebla,137612,2023-01-30T05:28:08Z,2023-01-28T20:25:19Z
Zilverk,http://twitter.com/search?q=Zilverk,NA,Zilverk,15069,Puebla,137612,2023-01-30T05:28:08Z,2023-01-28T20:25:19Z
Gabriel Caballero,http://twitter.com/search?q=%22Gabriel+Caballero%22,NA,%22Gabriel+Caballero%22,NA,Puebla,137612,2023-01-30T05:28:08Z,2023-01-28T20:25:19Z
HUMBE NEW ERA,http://twitter.com/search?q=%22HUMBE+NEW+ERA%22,NA,%22HUMBE+NEW+ERA%22,NA,Puebla,137612,2023-01-30T05:28:08Z,2023-01-28T20:25:19Z
Carola,http://twitter.com/search?q=Carola,NA,Carola,24146,Puebla,137612,2023-01-30T05:28:08Z,2023-01-28T20:25:19Z
Conferencia Nacional,http://twitter.com/search?q=%22Conferencia+Nacional%22,NA,%22Conferencia+Nacional%22,NA,Puebla,137612,2023-01-30T05:28:08Z,2023-01-28T20:25:19Z
Jelty,http://twitter.com/search?q=Jelty,NA,Jelty,NA,Puebla,137612,2023-01-30T05:28:08Z,2023-01-28T20:25:19Z
Lola,http://twitter.com/search?q=Lola,NA,Lola,51139,Puebla,137612,2023-01-30T05:28:08Z,2023-01-28T20:25:19Z
Karchez,http://twitter.com/search?q=Karchez,NA,Karchez,26343,Puebla,137612,2023-01-30T05:28:08Z,2023-01-28T20:25:19Z
Reborn,http://twitter.com/search?q=Reborn,NA,Reborn,23307,Puebla,137612,2023-01-30T05:28:08Z,2023-01-28T20:25:19Z
Maxo,http://twitter.com/search?q=Maxo,NA,Maxo,NA,Puebla,137612,2023-01-30T05:28:08Z,2023-01-28T20:25:19Z
JUAN ROLEPLAYER DEL AÑO,http://twitter.com/search?q=%22JUAN+ROLEPLAYER+DEL+A%C3%91O%22,NA,%22JUAN+ROLEPLAYER+DEL+A%C3%91O%22,NA,Puebla,137612,2023-01-30T05:28:08Z,2023-01-28T20:25:19Z
Luzu,http://twitter.com/search?q=Luzu,NA,Luzu,48138,Puebla,137612,2023-01-30T05:28:08Z,2023-01-28T20:25:19Z
Chichén Itzá,http://twitter.com/search?q=%22Chich%C3%A9n+Itz%C3%A1%22,NA,%22Chich%C3%A9n+Itz%C3%A1%22,NA,Puebla,137612,2023-01-30T05:28:08Z,2023-01-28T20:25:19Z
Napoli,http://twitter.com/search?q=Napoli,NA,Napoli,54358,Puebla,137612,2023-01-30T05:28:08Z,2023-01-28T20:25:19Z
4to QB,http://twitter.com/search?q=%224to+QB%22,NA,%224to+QB%22,NA,Puebla,137612,2023-01-30T05:28:08Z,2023-01-28T20:25:19Z
Robleis,http://twitter.com/search?q=Robleis,NA,Robleis,20226,Puebla,137612,2023-01-30T05:28:08Z,2023-01-28T20:25:19Z
Conway,http://twitter.com/search?q=Conway,NA,Conway,NA,Puebla,137612,2023-01-30T05:28:08Z,2023-01-28T20:25:19Z
Philly,http://twitter.com/search?q=Philly,NA,Philly,95463,Puebla,137612,2023-01-30T05:28:08Z,2023-01-28T20:25:19Z
Jesucristo,http://twitter.com/search?q=Jesucristo,NA,Jesucristo,13696,Puebla,137612,2023-01-30T05:28:08Z,2023-01-28T20:25:19Z
Hurts,http://twitter.com/search?q=Hurts,NA,Hurts,127261,Puebla,137612,2023-01-30T05:28:08Z,2023-01-28T20:25:19Z
Rivers,http://twitter.com/search?q=Rivers,NA,Rivers,62213,Puebla,137612,2023-01-30T05:28:08Z,2023-01-28T20:25:19Z
Auron,http://twitter.com/search?q=Auron,NA,Auron,30071,Puebla,137612,2023-01-30T05:28:08Z,2023-01-28T20:25:19Z
Jimmy G,http://twitter.com/search?q=%22Jimmy+G%22,NA,%22Jimmy+G%22,10364,Puebla,137612,2023-01-30T05:28:08Z,2023-01-28T20:25:19Z
Bosa,http://twitter.com/search?q=Bosa,NA,Bosa,53393,Puebla,137612,2023-01-30T05:28:08Z,2023-01-28T20:25:19Z
Juan y Ari,http://twitter.com/search?q=%22Juan+y+Ari%22,NA,%22Juan+y+Ari%22,NA,Puebla,137612,2023-01-30T05:28:08Z,2023-01-28T20:25:19Z
49ers,http://twitter.com/search?q=49ers,NA,49ers,298512,Querétaro,138045,2023-01-30T05:28:08Z,2023-01-28T20:25:19Z
49ers,http://twitter.com/search?q=49ers,NA,49ers,298512,Querétaro,138045,2023-01-30T05:28:08Z,2023-01-28T20:25:19Z
#esland2023,http://twitter.com/search?q=%23esland2023,NA,%23esland2023,83484,Querétaro,138045,2023-01-30T05:28:08Z,2023-01-28T20:25:19Z
Germán,http://twitter.com/search?q=Germ%C3%A1n,NA,Germ%C3%A1n,116307,Querétaro,138045,2023-01-30T05:28:08Z,2023-01-28T20:25:19Z
#FTTB,http://twitter.com/search?q=%23FTTB,NA,%23FTTB,34110,Querétaro,138045,2023-01-30T05:28:08Z,2023-01-28T20:25:19Z
Purdy,http://twitter.com/search?q=Purdy,NA,Purdy,105454,Querétaro,138045,2023-01-30T05:28:08Z,2023-01-28T20:25:19Z
Diana,http://twitter.com/search?q=Diana,NA,Diana,45768,Querétaro,138045,2023-01-30T05:28:08Z,2023-01-28T20:25:19Z
#NFLxFSMX,http://twitter.com/search?q=%23NFLxFSMX,NA,%23NFLxFSMX,NA,Querétaro,138045,2023-01-30T05:28:08Z,2023-01-28T20:25:19Z
Jhayco,http://twitter.com/search?q=Jhayco,NA,Jhayco,NA,Querétaro,138045,2023-01-30T05:28:08Z,2023-01-28T20:25:19Z
Vicky,http://twitter.com/search?q=Vicky,NA,Vicky,30453,Querétaro,138045,2023-01-30T05:28:08Z,2023-01-28T20:25:19Z
#NFLPlayoffsEnTUDN,http://twitter.com/search?q=%23NFLPlayoffsEnTUDN,NA,%23NFLPlayoffsEnTUDN,NA,Querétaro,138045,2023-01-30T05:28:08Z,2023-01-28T20:25:19Z
Juanito,http://twitter.com/search?q=Juanito,NA,Juanito,11123,Querétaro,138045,2023-01-30T05:28:08Z,2023-01-28T20:25:19Z
#SuperBowlLVII,http://twitter.com/search?q=%23SuperBowlLVII,NA,%23SuperBowlLVII,11820,Querétaro,138045,2023-01-30T05:28:08Z,2023-01-28T20:25:19Z
Jagger,http://twitter.com/search?q=Jagger,NA,Jagger,11159,Querétaro,138045,2023-01-30T05:28:08Z,2023-01-28T20:25:19Z
Niners,http://twitter.com/search?q=Niners,NA,Niners,89724,Querétaro,138045,2023-01-30T05:28:08Z,2023-01-28T20:25:19Z
Bengals,http://twitter.com/search?q=Bengals,NA,Bengals,119997,Querétaro,138045,2023-01-30T05:28:08Z,2023-01-28T20:25:19Z
Woody,http://twitter.com/search?q=Woody,NA,Woody,26925,Querétaro,138045,2023-01-30T05:28:08Z,2023-01-28T20:25:19Z
Juanpa,http://twitter.com/search?q=Juanpa,NA,Juanpa,NA,Querétaro,138045,2023-01-30T05:28:08Z,2023-01-28T20:25:19Z
Chiefs,http://twitter.com/search?q=Chiefs,NA,Chiefs,112196,Querétaro,138045,2023-01-30T05:28:08Z,2023-01-28T20:25:19Z
Ibai,http://twitter.com/search?q=Ibai,NA,Ibai,34061,Querétaro,138045,2023-01-30T05:28:08Z,2023-01-28T20:25:19Z
Johnson,http://twitter.com/search?q=Johnson,NA,Johnson,169831,Querétaro,138045,2023-01-30T05:28:08Z,2023-01-28T20:25:19Z
Filadelfia,http://twitter.com/search?q=Filadelfia,NA,Filadelfia,NA,Querétaro,138045,2023-01-30T05:28:08Z,2023-01-28T20:25:19Z
Jordi,http://twitter.com/search?q=Jordi,NA,Jordi,16644,Querétaro,138045,2023-01-30T05:28:08Z,2023-01-28T20:25:19Z
Trent Williams,http://twitter.com/search?q=%22Trent+Williams%22,NA,%22Trent+Williams%22,24342,Querétaro,138045,2023-01-30T05:28:08Z,2023-01-28T20:25:19Z
Shanahan,http://twitter.com/search?q=Shanahan,NA,Shanahan,23644,Querétaro,138045,2023-01-30T05:28:08Z,2023-01-28T20:25:19Z
Zilverk,http://twitter.com/search?q=Zilverk,NA,Zilverk,15018,Querétaro,138045,2023-01-30T05:28:08Z,2023-01-28T20:25:19Z
Gabriel Caballero,http://twitter.com/search?q=%22Gabriel+Caballero%22,NA,%22Gabriel+Caballero%22,NA,Querétaro,138045,2023-01-30T05:28:08Z,2023-01-28T20:25:19Z
HUMBE NEW ERA,http://twitter.com/search?q=%22HUMBE+NEW+ERA%22,NA,%22HUMBE+NEW+ERA%22,NA,Querétaro,138045,2023-01-30T05:28:08Z,2023-01-28T20:25:19Z
Carola,http://twitter.com/search?q=Carola,NA,Carola,24146,Querétaro,138045,2023-01-30T05:28:08Z,2023-01-28T20:25:19Z
Jelty,http://twitter.com/search?q=Jelty,NA,Jelty,NA,Querétaro,138045,2023-01-30T05:28:08Z,2023-01-28T20:25:19Z
Lola,http://twitter.com/search?q=Lola,NA,Lola,51139,Querétaro,138045,2023-01-30T05:28:08Z,2023-01-28T20:25:19Z
Conferencia Nacional,http://twitter.com/search?q=%22Conferencia+Nacional%22,NA,%22Conferencia+Nacional%22,NA,Querétaro,138045,2023-01-30T05:28:08Z,2023-01-28T20:25:19Z
Karchez,http://twitter.com/search?q=Karchez,NA,Karchez,26432,Querétaro,138045,2023-01-30T05:28:08Z,2023-01-28T20:25:19Z
Reborn,http://twitter.com/search?q=Reborn,NA,Reborn,23307,Querétaro,138045,2023-01-30T05:28:08Z,2023-01-28T20:25:19Z
Maxo,http://twitter.com/search?q=Maxo,NA,Maxo,NA,Querétaro,138045,2023-01-30T05:28:08Z,2023-01-28T20:25:19Z
JUAN ROLEPLAYER DEL AÑO,http://twitter.com/search?q=%22JUAN+ROLEPLAYER+DEL+A%C3%91O%22,NA,%22JUAN+ROLEPLAYER+DEL+A%C3%91O%22,NA,Querétaro,138045,2023-01-30T05:28:08Z,2023-01-28T20:25:19Z
Luzu,http://twitter.com/search?q=Luzu,NA,Luzu,48138,Querétaro,138045,2023-01-30T05:28:08Z,2023-01-28T20:25:19Z
Chichén Itzá,http://twitter.com/search?q=%22Chich%C3%A9n+Itz%C3%A1%22,NA,%22Chich%C3%A9n+Itz%C3%A1%22,NA,Querétaro,138045,2023-01-30T05:28:08Z,2023-01-28T20:25:19Z
Napoli,http://twitter.com/search?q=Napoli,NA,Napoli,54358,Querétaro,138045,2023-01-30T05:28:08Z,2023-01-28T20:25:19Z
4to QB,http://twitter.com/search?q=%224to+QB%22,NA,%224to+QB%22,NA,Querétaro,138045,2023-01-30T05:28:08Z,2023-01-28T20:25:19Z
Robleis,http://twitter.com/search?q=Robleis,NA,Robleis,20226,Querétaro,138045,2023-01-30T05:28:08Z,2023-01-28T20:25:19Z
Conway,http://twitter.com/search?q=Conway,NA,Conway,NA,Querétaro,138045,2023-01-30T05:28:08Z,2023-01-28T20:25:19Z
Philly,http://twitter.com/search?q=Philly,NA,Philly,94492,Querétaro,138045,2023-01-30T05:28:08Z,2023-01-28T20:25:19Z
Jesucristo,http://twitter.com/search?q=Jesucristo,NA,Jesucristo,13696,Querétaro,138045,2023-01-30T05:28:08Z,2023-01-28T20:25:19Z
Hurts,http://twitter.com/search?q=Hurts,NA,Hurts,127261,Querétaro,138045,2023-01-30T05:28:08Z,2023-01-28T20:25:19Z
Auron,http://twitter.com/search?q=Auron,NA,Auron,30071,Querétaro,138045,2023-01-30T05:28:08Z,2023-01-28T20:25:19Z
Jimmy G,http://twitter.com/search?q=%22Jimmy+G%22,NA,%22Jimmy+G%22,10364,Querétaro,138045,2023-01-30T05:28:08Z,2023-01-28T20:25:19Z
Rivers,http://twitter.com/search?q=Rivers,NA,Rivers,62213,Querétaro,138045,2023-01-30T05:28:08Z,2023-01-28T20:25:19Z
Bosa,http://twitter.com/search?q=Bosa,NA,Bosa,53393,Querétaro,138045,2023-01-30T05:28:08Z,2023-01-28T20:25:19Z
49ers,http://twitter.com/search?q=49ers,NA,49ers,298512,Saltillo,141272,2023-01-30T05:28:08Z,2023-01-28T20:25:19Z
49ers,http://twitter.com/search?q=49ers,NA,49ers,298512,Saltillo,141272,2023-01-30T05:28:08Z,2023-01-28T20:25:19Z
#esland2023,http://twitter.com/search?q=%23esland2023,NA,%23esland2023,83484,Saltillo,141272,2023-01-30T05:28:08Z,2023-01-28T20:25:19Z
Germán,http://twitter.com/search?q=Germ%C3%A1n,NA,Germ%C3%A1n,116307,Saltillo,141272,2023-01-30T05:28:08Z,2023-01-28T20:25:19Z
#FTTB,http://twitter.com/search?q=%23FTTB,NA,%23FTTB,34110,Saltillo,141272,2023-01-30T05:28:08Z,2023-01-28T20:25:19Z
Purdy,http://twitter.com/search?q=Purdy,NA,Purdy,105454,Saltillo,141272,2023-01-30T05:28:08Z,2023-01-28T20:25:19Z
Diana,http://twitter.com/search?q=Diana,NA,Diana,45768,Saltillo,141272,2023-01-30T05:28:08Z,2023-01-28T20:25:19Z
#NFLxFSMX,http://twitter.com/search?q=%23NFLxFSMX,NA,%23NFLxFSMX,NA,Saltillo,141272,2023-01-30T05:28:08Z,2023-01-28T20:25:19Z
Jhayco,http://twitter.com/search?q=Jhayco,NA,Jhayco,NA,Saltillo,141272,2023-01-30T05:28:08Z,2023-01-28T20:25:19Z
Vicky,http://twitter.com/search?q=Vicky,NA,Vicky,30453,Saltillo,141272,2023-01-30T05:28:08Z,2023-01-28T20:25:19Z
#NFLPlayoffsEnTUDN,http://twitter.com/search?q=%23NFLPlayoffsEnTUDN,NA,%23NFLPlayoffsEnTUDN,NA,Saltillo,141272,2023-01-30T05:28:08Z,2023-01-28T20:25:19Z
Juanito,http://twitter.com/search?q=Juanito,NA,Juanito,11149,Saltillo,141272,2023-01-30T05:28:08Z,2023-01-28T20:25:19Z
#SuperBowlLVII,http://twitter.com/search?q=%23SuperBowlLVII,NA,%23SuperBowlLVII,11820,Saltillo,141272,2023-01-30T05:28:08Z,2023-01-28T20:25:19Z
Jagger,http://twitter.com/search?q=Jagger,NA,Jagger,11159,Saltillo,141272,2023-01-30T05:28:08Z,2023-01-28T20:25:19Z
Niners,http://twitter.com/search?q=Niners,NA,Niners,89124,Saltillo,141272,2023-01-30T05:28:08Z,2023-01-28T20:25:19Z
Bengals,http://twitter.com/search?q=Bengals,NA,Bengals,118268,Saltillo,141272,2023-01-30T05:28:08Z,2023-01-28T20:25:19Z
Woody,http://twitter.com/search?q=Woody,NA,Woody,26925,Saltillo,141272,2023-01-30T05:28:08Z,2023-01-28T20:25:19Z
Juanpa,http://twitter.com/search?q=Juanpa,NA,Juanpa,NA,Saltillo,141272,2023-01-30T05:28:08Z,2023-01-28T20:25:19Z
Chiefs,http://twitter.com/search?q=Chiefs,NA,Chiefs,112196,Saltillo,141272,2023-01-30T05:28:08Z,2023-01-28T20:25:19Z
Ibai,http://twitter.com/search?q=Ibai,NA,Ibai,34061,Saltillo,141272,2023-01-30T05:28:08Z,2023-01-28T20:25:19Z
Johnson,http://twitter.com/search?q=Johnson,NA,Johnson,169831,Saltillo,141272,2023-01-30T05:28:08Z,2023-01-28T20:25:19Z
Filadelfia,http://twitter.com/search?q=Filadelfia,NA,Filadelfia,NA,Saltillo,141272,2023-01-30T05:28:08Z,2023-01-28T20:25:19Z
Jordi,http://twitter.com/search?q=Jordi,NA,Jordi,16676,Saltillo,141272,2023-01-30T05:28:08Z,2023-01-28T20:25:19Z
Trent Williams,http://twitter.com/search?q=%22Trent+Williams%22,NA,%22Trent+Williams%22,24342,Saltillo,141272,2023-01-30T05:28:08Z,2023-01-28T20:25:19Z
Shanahan,http://twitter.com/search?q=Shanahan,NA,Shanahan,23644,Saltillo,141272,2023-01-30T05:28:08Z,2023-01-28T20:25:19Z
Zilverk,http://twitter.com/search?q=Zilverk,NA,Zilverk,15018,Saltillo,141272,2023-01-30T05:28:08Z,2023-01-28T20:25:19Z
Gabriel Caballero,http://twitter.com/search?q=%22Gabriel+Caballero%22,NA,%22Gabriel+Caballero%22,NA,Saltillo,141272,2023-01-30T05:28:08Z,2023-01-28T20:25:19Z
HUMBE NEW ERA,http://twitter.com/search?q=%22HUMBE+NEW+ERA%22,NA,%22HUMBE+NEW+ERA%22,NA,Saltillo,141272,2023-01-30T05:28:08Z,2023-01-28T20:25:19Z
Carola,http://twitter.com/search?q=Carola,NA,Carola,24146,Saltillo,141272,2023-01-30T05:28:08Z,2023-01-28T20:25:19Z
Jelty,http://twitter.com/search?q=Jelty,NA,Jelty,NA,Saltillo,141272,2023-01-30T05:28:08Z,2023-01-28T20:25:19Z
Lola,http://twitter.com/search?q=Lola,NA,Lola,51139,Saltillo,141272,2023-01-30T05:28:08Z,2023-01-28T20:25:19Z
Conferencia Nacional,http://twitter.com/search?q=%22Conferencia+Nacional%22,NA,%22Conferencia+Nacional%22,NA,Saltillo,141272,2023-01-30T05:28:08Z,2023-01-28T20:25:19Z
Karchez,http://twitter.com/search?q=Karchez,NA,Karchez,26432,Saltillo,141272,2023-01-30T05:28:08Z,2023-01-28T20:25:19Z
Reborn,http://twitter.com/search?q=Reborn,NA,Reborn,23307,Saltillo,141272,2023-01-30T05:28:08Z,2023-01-28T20:25:19Z
Maxo,http://twitter.com/search?q=Maxo,NA,Maxo,NA,Saltillo,141272,2023-01-30T05:28:08Z,2023-01-28T20:25:19Z
JUAN ROLEPLAYER DEL AÑO,http://twitter.com/search?q=%22JUAN+ROLEPLAYER+DEL+A%C3%91O%22,NA,%22JUAN+ROLEPLAYER+DEL+A%C3%91O%22,NA,Saltillo,141272,2023-01-30T05:28:08Z,2023-01-28T20:25:19Z
Luzu,http://twitter.com/search?q=Luzu,NA,Luzu,48138,Saltillo,141272,2023-01-30T05:28:08Z,2023-01-28T20:25:19Z
Chichén Itzá,http://twitter.com/search?q=%22Chich%C3%A9n+Itz%C3%A1%22,NA,%22Chich%C3%A9n+Itz%C3%A1%22,NA,Saltillo,141272,2023-01-30T05:28:08Z,2023-01-28T20:25:19Z
Napoli,http://twitter.com/search?q=Napoli,NA,Napoli,54358,Saltillo,141272,2023-01-30T05:28:08Z,2023-01-28T20:25:19Z
4to QB,http://twitter.com/search?q=%224to+QB%22,NA,%224to+QB%22,NA,Saltillo,141272,2023-01-30T05:28:08Z,2023-01-28T20:25:19Z
Robleis,http://twitter.com/search?q=Robleis,NA,Robleis,20278,Saltillo,141272,2023-01-30T05:28:08Z,2023-01-28T20:25:19Z
Conway,http://twitter.com/search?q=Conway,NA,Conway,NA,Saltillo,141272,2023-01-30T05:28:08Z,2023-01-28T20:25:19Z
Philly,http://twitter.com/search?q=Philly,NA,Philly,95463,Saltillo,141272,2023-01-30T05:28:08Z,2023-01-28T20:25:19Z
Jesucristo,http://twitter.com/search?q=Jesucristo,NA,Jesucristo,13696,Saltillo,141272,2023-01-30T05:28:08Z,2023-01-28T20:25:19Z
Hurts,http://twitter.com/search?q=Hurts,NA,Hurts,127261,Saltillo,141272,2023-01-30T05:28:08Z,2023-01-28T20:25:19Z
Auron,http://twitter.com/search?q=Auron,NA,Auron,30071,Saltillo,141272,2023-01-30T05:28:08Z,2023-01-28T20:25:19Z
Jimmy G,http://twitter.com/search?q=%22Jimmy+G%22,NA,%22Jimmy+G%22,10364,Saltillo,141272,2023-01-30T05:28:08Z,2023-01-28T20:25:19Z
Rivers,http://twitter.com/search?q=Rivers,NA,Rivers,62213,Saltillo,141272,2023-01-30T05:28:08Z,2023-01-28T20:25:19Z
Bosa,http://twitter.com/search?q=Bosa,NA,Bosa,53658,Saltillo,141272,2023-01-30T05:28:08Z,2023-01-28T20:25:19Z
49ers,http://twitter.com/search?q=49ers,NA,49ers,302005,San Luis Potosí,144265,2023-01-30T05:28:08Z,2023-01-28T20:25:19Z
49ers,http://twitter.com/search?q=49ers,NA,49ers,302005,San Luis Potosí,144265,2023-01-30T05:28:08Z,2023-01-28T20:25:19Z
#esland2023,http://twitter.com/search?q=%23esland2023,NA,%23esland2023,83484,San Luis Potosí,144265,2023-01-30T05:28:08Z,2023-01-28T20:25:19Z
#FTTB,http://twitter.com/search?q=%23FTTB,NA,%23FTTB,34110,San Luis Potosí,144265,2023-01-30T05:28:08Z,2023-01-28T20:25:19Z
Germán,http://twitter.com/search?q=Germ%C3%A1n,NA,Germ%C3%A1n,116307,San Luis Potosí,144265,2023-01-30T05:28:08Z,2023-01-28T20:25:19Z
Purdy,http://twitter.com/search?q=Purdy,NA,Purdy,105454,San Luis Potosí,144265,2023-01-30T05:28:08Z,2023-01-28T20:25:19Z
Diana,http://twitter.com/search?q=Diana,NA,Diana,45768,San Luis Potosí,144265,2023-01-30T05:28:08Z,2023-01-28T20:25:19Z
#NFLxFSMX,http://twitter.com/search?q=%23NFLxFSMX,NA,%23NFLxFSMX,NA,San Luis Potosí,144265,2023-01-30T05:28:08Z,2023-01-28T20:25:19Z
Jhayco,http://twitter.com/search?q=Jhayco,NA,Jhayco,NA,San Luis Potosí,144265,2023-01-30T05:28:08Z,2023-01-28T20:25:19Z
Vicky,http://twitter.com/search?q=Vicky,NA,Vicky,30453,San Luis Potosí,144265,2023-01-30T05:28:08Z,2023-01-28T20:25:19Z
#NFLPlayoffsEnTUDN,http://twitter.com/search?q=%23NFLPlayoffsEnTUDN,NA,%23NFLPlayoffsEnTUDN,NA,San Luis Potosí,144265,2023-01-30T05:28:08Z,2023-01-28T20:25:19Z
Juanito,http://twitter.com/search?q=Juanito,NA,Juanito,11123,San Luis Potosí,144265,2023-01-30T05:28:08Z,2023-01-28T20:25:19Z
Jagger,http://twitter.com/search?q=Jagger,NA,Jagger,11159,San Luis Potosí,144265,2023-01-30T05:28:08Z,2023-01-28T20:25:19Z
Niners,http://twitter.com/search?q=Niners,NA,Niners,89724,San Luis Potosí,144265,2023-01-30T05:28:08Z,2023-01-28T20:25:19Z
Woody,http://twitter.com/search?q=Woody,NA,Woody,26925,San Luis Potosí,144265,2023-01-30T05:28:08Z,2023-01-28T20:25:19Z
Juanpa,http://twitter.com/search?q=Juanpa,NA,Juanpa,NA,San Luis Potosí,144265,2023-01-30T05:28:08Z,2023-01-28T20:25:19Z
Bengals,http://twitter.com/search?q=Bengals,NA,Bengals,119997,San Luis Potosí,144265,2023-01-30T05:28:08Z,2023-01-28T20:25:19Z
Ibai,http://twitter.com/search?q=Ibai,NA,Ibai,34061,San Luis Potosí,144265,2023-01-30T05:28:08Z,2023-01-28T20:25:19Z
Chiefs,http://twitter.com/search?q=Chiefs,NA,Chiefs,112196,San Luis Potosí,144265,2023-01-30T05:28:08Z,2023-01-28T20:25:19Z
Johnson,http://twitter.com/search?q=Johnson,NA,Johnson,170316,San Luis Potosí,144265,2023-01-30T05:28:08Z,2023-01-28T20:25:19Z
Filadelfia,http://twitter.com/search?q=Filadelfia,NA,Filadelfia,NA,San Luis Potosí,144265,2023-01-30T05:28:08Z,2023-01-28T20:25:19Z
Jordi,http://twitter.com/search?q=Jordi,NA,Jordi,16644,San Luis Potosí,144265,2023-01-30T05:28:08Z,2023-01-28T20:25:19Z
Trent Williams,http://twitter.com/search?q=%22Trent+Williams%22,NA,%22Trent+Williams%22,24342,San Luis Potosí,144265,2023-01-30T05:28:08Z,2023-01-28T20:25:19Z
Shanahan,http://twitter.com/search?q=Shanahan,NA,Shanahan,23644,San Luis Potosí,144265,2023-01-30T05:28:08Z,2023-01-28T20:25:19Z
Zilverk,http://twitter.com/search?q=Zilverk,NA,Zilverk,15018,San Luis Potosí,144265,2023-01-30T05:28:08Z,2023-01-28T20:25:19Z
Gabriel Caballero,http://twitter.com/search?q=%22Gabriel+Caballero%22,NA,%22Gabriel+Caballero%22,NA,San Luis Potosí,144265,2023-01-30T05:28:08Z,2023-01-28T20:25:19Z
HUMBE NEW ERA,http://twitter.com/search?q=%22HUMBE+NEW+ERA%22,NA,%22HUMBE+NEW+ERA%22,NA,San Luis Potosí,144265,2023-01-30T05:28:08Z,2023-01-28T20:25:19Z
Carola,http://twitter.com/search?q=Carola,NA,Carola,24146,San Luis Potosí,144265,2023-01-30T05:28:08Z,2023-01-28T20:25:19Z
Jelty,http://twitter.com/search?q=Jelty,NA,Jelty,NA,San Luis Potosí,144265,2023-01-30T05:28:08Z,2023-01-28T20:25:19Z
Lola,http://twitter.com/search?q=Lola,NA,Lola,51139,San Luis Potosí,144265,2023-01-30T05:28:08Z,2023-01-28T20:25:19Z
Conferencia Nacional,http://twitter.com/search?q=%22Conferencia+Nacional%22,NA,%22Conferencia+Nacional%22,NA,San Luis Potosí,144265,2023-01-30T05:28:08Z,2023-01-28T20:25:19Z
Karchez,http://twitter.com/search?q=Karchez,NA,Karchez,26432,San Luis Potosí,144265,2023-01-30T05:28:08Z,2023-01-28T20:25:19Z
Reborn,http://twitter.com/search?q=Reborn,NA,Reborn,23307,San Luis Potosí,144265,2023-01-30T05:28:08Z,2023-01-28T20:25:19Z
Maxo,http://twitter.com/search?q=Maxo,NA,Maxo,NA,San Luis Potosí,144265,2023-01-30T05:28:08Z,2023-01-28T20:25:19Z
JUAN ROLEPLAYER DEL AÑO,http://twitter.com/search?q=%22JUAN+ROLEPLAYER+DEL+A%C3%91O%22,NA,%22JUAN+ROLEPLAYER+DEL+A%C3%91O%22,NA,San Luis Potosí,144265,2023-01-30T05:28:08Z,2023-01-28T20:25:19Z
Luzu,http://twitter.com/search?q=Luzu,NA,Luzu,48138,San Luis Potosí,144265,2023-01-30T05:28:08Z,2023-01-28T20:25:19Z
Chichén Itzá,http://twitter.com/search?q=%22Chich%C3%A9n+Itz%C3%A1%22,NA,%22Chich%C3%A9n+Itz%C3%A1%22,NA,San Luis Potosí,144265,2023-01-30T05:28:08Z,2023-01-28T20:25:19Z
Napoli,http://twitter.com/search?q=Napoli,NA,Napoli,54358,San Luis Potosí,144265,2023-01-30T05:28:08Z,2023-01-28T20:25:19Z
4to QB,http://twitter.com/search?q=%224to+QB%22,NA,%224to+QB%22,NA,San Luis Potosí,144265,2023-01-30T05:28:08Z,2023-01-28T20:25:19Z
Robleis,http://twitter.com/search?q=Robleis,NA,Robleis,20226,San Luis Potosí,144265,2023-01-30T05:28:08Z,2023-01-28T20:25:19Z
Conway,http://twitter.com/search?q=Conway,NA,Conway,NA,San Luis Potosí,144265,2023-01-30T05:28:08Z,2023-01-28T20:25:19Z
Philly,http://twitter.com/search?q=Philly,NA,Philly,94492,San Luis Potosí,144265,2023-01-30T05:28:08Z,2023-01-28T20:25:19Z
Jesucristo,http://twitter.com/search?q=Jesucristo,NA,Jesucristo,13696,San Luis Potosí,144265,2023-01-30T05:28:08Z,2023-01-28T20:25:19Z
Hurts,http://twitter.com/search?q=Hurts,NA,Hurts,127261,San Luis Potosí,144265,2023-01-30T05:28:08Z,2023-01-28T20:25:19Z
Auron,http://twitter.com/search?q=Auron,NA,Auron,30071,San Luis Potosí,144265,2023-01-30T05:28:08Z,2023-01-28T20:25:19Z
Jimmy G,http://twitter.com/search?q=%22Jimmy+G%22,NA,%22Jimmy+G%22,10574,San Luis Potosí,144265,2023-01-30T05:28:08Z,2023-01-28T20:25:19Z
Bosa,http://twitter.com/search?q=Bosa,NA,Bosa,53658,San Luis Potosí,144265,2023-01-30T05:28:08Z,2023-01-28T20:25:19Z
Juan y Ari,http://twitter.com/search?q=%22Juan+y+Ari%22,NA,%22Juan+y+Ari%22,NA,San Luis Potosí,144265,2023-01-30T05:28:08Z,2023-01-28T20:25:19Z
49ers,http://twitter.com/search?q=49ers,NA,49ers,302005,Tijuana,149361,2023-01-30T05:28:08Z,2023-01-28T20:25:19Z
49ers,http://twitter.com/search?q=49ers,NA,49ers,302005,Tijuana,149361,2023-01-30T05:28:08Z,2023-01-28T20:25:19Z
#esland2023,http://twitter.com/search?q=%23esland2023,NA,%23esland2023,83484,Tijuana,149361,2023-01-30T05:28:08Z,2023-01-28T20:25:19Z
#FTTB,http://twitter.com/search?q=%23FTTB,NA,%23FTTB,34249,Tijuana,149361,2023-01-30T05:28:08Z,2023-01-28T20:25:19Z
Purdy,http://twitter.com/search?q=Purdy,NA,Purdy,105454,Tijuana,149361,2023-01-30T05:28:08Z,2023-01-28T20:25:19Z
Diana,http://twitter.com/search?q=Diana,NA,Diana,45768,Tijuana,149361,2023-01-30T05:28:08Z,2023-01-28T20:25:19Z
#NFLxFSMX,http://twitter.com/search?q=%23NFLxFSMX,NA,%23NFLxFSMX,NA,Tijuana,149361,2023-01-30T05:28:08Z,2023-01-28T20:25:19Z
Germán,http://twitter.com/search?q=Germ%C3%A1n,NA,Germ%C3%A1n,116307,Tijuana,149361,2023-01-30T05:28:08Z,2023-01-28T20:25:19Z
Jhayco,http://twitter.com/search?q=Jhayco,NA,Jhayco,NA,Tijuana,149361,2023-01-30T05:28:08Z,2023-01-28T20:25:19Z
Vicky,http://twitter.com/search?q=Vicky,NA,Vicky,30453,Tijuana,149361,2023-01-30T05:28:08Z,2023-01-28T20:25:19Z
#NFLPlayoffsEnTUDN,http://twitter.com/search?q=%23NFLPlayoffsEnTUDN,NA,%23NFLPlayoffsEnTUDN,NA,Tijuana,149361,2023-01-30T05:28:08Z,2023-01-28T20:25:19Z
Juanito,http://twitter.com/search?q=Juanito,NA,Juanito,11123,Tijuana,149361,2023-01-30T05:28:08Z,2023-01-28T20:25:19Z
Jagger,http://twitter.com/search?q=Jagger,NA,Jagger,11159,Tijuana,149361,2023-01-30T05:28:08Z,2023-01-28T20:25:19Z
#SuperBowlLVII,http://twitter.com/search?q=%23SuperBowlLVII,NA,%23SuperBowlLVII,11820,Tijuana,149361,2023-01-30T05:28:08Z,2023-01-28T20:25:19Z
Niners,http://twitter.com/search?q=Niners,NA,Niners,89124,Tijuana,149361,2023-01-30T05:28:08Z,2023-01-28T20:25:19Z
Woody,http://twitter.com/search?q=Woody,NA,Woody,26925,Tijuana,149361,2023-01-30T05:28:08Z,2023-01-28T20:25:19Z
Juanpa,http://twitter.com/search?q=Juanpa,NA,Juanpa,NA,Tijuana,149361,2023-01-30T05:28:08Z,2023-01-28T20:25:19Z
Bengals,http://twitter.com/search?q=Bengals,NA,Bengals,118268,Tijuana,149361,2023-01-30T05:28:08Z,2023-01-28T20:25:19Z
Ibai,http://twitter.com/search?q=Ibai,NA,Ibai,34168,Tijuana,149361,2023-01-30T05:28:08Z,2023-01-28T20:25:19Z
Johnson,http://twitter.com/search?q=Johnson,NA,Johnson,169831,Tijuana,149361,2023-01-30T05:28:08Z,2023-01-28T20:25:19Z
Chiefs,http://twitter.com/search?q=Chiefs,NA,Chiefs,112196,Tijuana,149361,2023-01-30T05:28:08Z,2023-01-28T20:25:19Z
Filadelfia,http://twitter.com/search?q=Filadelfia,NA,Filadelfia,NA,Tijuana,149361,2023-01-30T05:28:08Z,2023-01-28T20:25:19Z
Jordi,http://twitter.com/search?q=Jordi,NA,Jordi,16644,Tijuana,149361,2023-01-30T05:28:08Z,2023-01-28T20:25:19Z
HUMBE NEW ERA,http://twitter.com/search?q=%22HUMBE+NEW+ERA%22,NA,%22HUMBE+NEW+ERA%22,NA,Tijuana,149361,2023-01-30T05:28:08Z,2023-01-28T20:25:19Z
Trent Williams,http://twitter.com/search?q=%22Trent+Williams%22,NA,%22Trent+Williams%22,24342,Tijuana,149361,2023-01-30T05:28:08Z,2023-01-28T20:25:19Z
Shanahan,http://twitter.com/search?q=Shanahan,NA,Shanahan,23644,Tijuana,149361,2023-01-30T05:28:08Z,2023-01-28T20:25:19Z
Zilverk,http://twitter.com/search?q=Zilverk,NA,Zilverk,15069,Tijuana,149361,2023-01-30T05:28:08Z,2023-01-28T20:25:19Z
Gabriel Caballero,http://twitter.com/search?q=%22Gabriel+Caballero%22,NA,%22Gabriel+Caballero%22,NA,Tijuana,149361,2023-01-30T05:28:08Z,2023-01-28T20:25:19Z
Carola,http://twitter.com/search?q=Carola,NA,Carola,24146,Tijuana,149361,2023-01-30T05:28:08Z,2023-01-28T20:25:19Z
Jelty,http://twitter.com/search?q=Jelty,NA,Jelty,NA,Tijuana,149361,2023-01-30T05:28:08Z,2023-01-28T20:25:19Z
Lola,http://twitter.com/search?q=Lola,NA,Lola,51139,Tijuana,149361,2023-01-30T05:28:08Z,2023-01-28T20:25:19Z
Conferencia Nacional,http://twitter.com/search?q=%22Conferencia+Nacional%22,NA,%22Conferencia+Nacional%22,NA,Tijuana,149361,2023-01-30T05:28:08Z,2023-01-28T20:25:19Z
Karchez,http://twitter.com/search?q=Karchez,NA,Karchez,26432,Tijuana,149361,2023-01-30T05:28:08Z,2023-01-28T20:25:19Z
Reborn,http://twitter.com/search?q=Reborn,NA,Reborn,23307,Tijuana,149361,2023-01-30T05:28:08Z,2023-01-28T20:25:19Z
Maxo,http://twitter.com/search?q=Maxo,NA,Maxo,NA,Tijuana,149361,2023-01-30T05:28:08Z,2023-01-28T20:25:19Z
JUAN ROLEPLAYER DEL AÑO,http://twitter.com/search?q=%22JUAN+ROLEPLAYER+DEL+A%C3%91O%22,NA,%22JUAN+ROLEPLAYER+DEL+A%C3%91O%22,NA,Tijuana,149361,2023-01-30T05:28:08Z,2023-01-28T20:25:19Z
Luzu,http://twitter.com/search?q=Luzu,NA,Luzu,48138,Tijuana,149361,2023-01-30T05:28:08Z,2023-01-28T20:25:19Z
Chichén Itzá,http://twitter.com/search?q=%22Chich%C3%A9n+Itz%C3%A1%22,NA,%22Chich%C3%A9n+Itz%C3%A1%22,NA,Tijuana,149361,2023-01-30T05:28:08Z,2023-01-28T20:25:19Z
Napoli,http://twitter.com/search?q=Napoli,NA,Napoli,54358,Tijuana,149361,2023-01-30T05:28:08Z,2023-01-28T20:25:19Z
4to QB,http://twitter.com/search?q=%224to+QB%22,NA,%224to+QB%22,NA,Tijuana,149361,2023-01-30T05:28:08Z,2023-01-28T20:25:19Z
Robleis,http://twitter.com/search?q=Robleis,NA,Robleis,20226,Tijuana,149361,2023-01-30T05:28:08Z,2023-01-28T20:25:19Z
Conway,http://twitter.com/search?q=Conway,NA,Conway,NA,Tijuana,149361,2023-01-30T05:28:08Z,2023-01-28T20:25:19Z
Philly,http://twitter.com/search?q=Philly,NA,Philly,95463,Tijuana,149361,2023-01-30T05:28:08Z,2023-01-28T20:25:19Z
Jesucristo,http://twitter.com/search?q=Jesucristo,NA,Jesucristo,13696,Tijuana,149361,2023-01-30T05:28:08Z,2023-01-28T20:25:19Z
Hurts,http://twitter.com/search?q=Hurts,NA,Hurts,127261,Tijuana,149361,2023-01-30T05:28:08Z,2023-01-28T20:25:19Z
Auron,http://twitter.com/search?q=Auron,NA,Auron,30071,Tijuana,149361,2023-01-30T05:28:08Z,2023-01-28T20:25:19Z
Jimmy G,http://twitter.com/search?q=%22Jimmy+G%22,NA,%22Jimmy+G%22,10364,Tijuana,149361,2023-01-30T05:28:08Z,2023-01-28T20:25:19Z
Bosa,http://twitter.com/search?q=Bosa,NA,Bosa,53393,Tijuana,149361,2023-01-30T05:28:08Z,2023-01-28T20:25:19Z
Juan y Ari,http://twitter.com/search?q=%22Juan+y+Ari%22,NA,%22Juan+y+Ari%22,NA,Tijuana,149361,2023-01-30T05:28:08Z,2023-01-28T20:25:19Z
PROUD OF QUACKITY,http://twitter.com/search?q=%22PROUD+OF+QUACKITY%22,NA,%22PROUD+OF+QUACKITY%22,NA,Tijuana,149361,2023-01-30T05:28:08Z,2023-01-28T20:25:19Z
49ers,http://twitter.com/search?q=49ers,NA,49ers,298512,Toluca,149769,2023-01-30T05:28:09Z,2023-01-28T20:25:19Z
49ers,http://twitter.com/search?q=49ers,NA,49ers,298512,Toluca,149769,2023-01-30T05:28:09Z,2023-01-28T20:25:19Z
#esland2023,http://twitter.com/search?q=%23esland2023,NA,%23esland2023,83484,Toluca,149769,2023-01-30T05:28:09Z,2023-01-28T20:25:19Z
#FTTB,http://twitter.com/search?q=%23FTTB,NA,%23FTTB,34249,Toluca,149769,2023-01-30T05:28:09Z,2023-01-28T20:25:19Z
Purdy,http://twitter.com/search?q=Purdy,NA,Purdy,105454,Toluca,149769,2023-01-30T05:28:09Z,2023-01-28T20:25:19Z
Diana,http://twitter.com/search?q=Diana,NA,Diana,45768,Toluca,149769,2023-01-30T05:28:09Z,2023-01-28T20:25:19Z
#NFLxFSMX,http://twitter.com/search?q=%23NFLxFSMX,NA,%23NFLxFSMX,NA,Toluca,149769,2023-01-30T05:28:09Z,2023-01-28T20:25:19Z
Germán,http://twitter.com/search?q=Germ%C3%A1n,NA,Germ%C3%A1n,116307,Toluca,149769,2023-01-30T05:28:09Z,2023-01-28T20:25:19Z
Jhayco,http://twitter.com/search?q=Jhayco,NA,Jhayco,NA,Toluca,149769,2023-01-30T05:28:09Z,2023-01-28T20:25:19Z
Vicky,http://twitter.com/search?q=Vicky,NA,Vicky,30453,Toluca,149769,2023-01-30T05:28:09Z,2023-01-28T20:25:19Z
#NFLPlayoffsEnTUDN,http://twitter.com/search?q=%23NFLPlayoffsEnTUDN,NA,%23NFLPlayoffsEnTUDN,NA,Toluca,149769,2023-01-30T05:28:09Z,2023-01-28T20:25:19Z
Juanito,http://twitter.com/search?q=Juanito,NA,Juanito,11123,Toluca,149769,2023-01-30T05:28:09Z,2023-01-28T20:25:19Z
Jagger,http://twitter.com/search?q=Jagger,NA,Jagger,11159,Toluca,149769,2023-01-30T05:28:09Z,2023-01-28T20:25:19Z
Niners,http://twitter.com/search?q=Niners,NA,Niners,89724,Toluca,149769,2023-01-30T05:28:09Z,2023-01-28T20:25:19Z
Woody,http://twitter.com/search?q=Woody,NA,Woody,26925,Toluca,149769,2023-01-30T05:28:09Z,2023-01-28T20:25:19Z
Juanpa,http://twitter.com/search?q=Juanpa,NA,Juanpa,NA,Toluca,149769,2023-01-30T05:28:09Z,2023-01-28T20:25:19Z
Bengals,http://twitter.com/search?q=Bengals,NA,Bengals,119997,Toluca,149769,2023-01-30T05:28:09Z,2023-01-28T20:25:19Z
Ibai,http://twitter.com/search?q=Ibai,NA,Ibai,34168,Toluca,149769,2023-01-30T05:28:09Z,2023-01-28T20:25:19Z
Chiefs,http://twitter.com/search?q=Chiefs,NA,Chiefs,112196,Toluca,149769,2023-01-30T05:28:09Z,2023-01-28T20:25:19Z
Johnson,http://twitter.com/search?q=Johnson,NA,Johnson,170316,Toluca,149769,2023-01-30T05:28:09Z,2023-01-28T20:25:19Z
Filadelfia,http://twitter.com/search?q=Filadelfia,NA,Filadelfia,NA,Toluca,149769,2023-01-30T05:28:09Z,2023-01-28T20:25:19Z
Jordi,http://twitter.com/search?q=Jordi,NA,Jordi,16644,Toluca,149769,2023-01-30T05:28:09Z,2023-01-28T20:25:19Z
HUMBE NEW ERA,http://twitter.com/search?q=%22HUMBE+NEW+ERA%22,NA,%22HUMBE+NEW+ERA%22,NA,Toluca,149769,2023-01-30T05:28:09Z,2023-01-28T20:25:19Z
Trent Williams,http://twitter.com/search?q=%22Trent+Williams%22,NA,%22Trent+Williams%22,24342,Toluca,149769,2023-01-30T05:28:09Z,2023-01-28T20:25:19Z
Shanahan,http://twitter.com/search?q=Shanahan,NA,Shanahan,23644,Toluca,149769,2023-01-30T05:28:09Z,2023-01-28T20:25:19Z
Zilverk,http://twitter.com/search?q=Zilverk,NA,Zilverk,15069,Toluca,149769,2023-01-30T05:28:09Z,2023-01-28T20:25:19Z
Gabriel Caballero,http://twitter.com/search?q=%22Gabriel+Caballero%22,NA,%22Gabriel+Caballero%22,NA,Toluca,149769,2023-01-30T05:28:09Z,2023-01-28T20:25:19Z
Carola,http://twitter.com/search?q=Carola,NA,Carola,24146,Toluca,149769,2023-01-30T05:28:09Z,2023-01-28T20:25:19Z
Jelty,http://twitter.com/search?q=Jelty,NA,Jelty,NA,Toluca,149769,2023-01-30T05:28:09Z,2023-01-28T20:25:19Z
Lola,http://twitter.com/search?q=Lola,NA,Lola,51139,Toluca,149769,2023-01-30T05:28:09Z,2023-01-28T20:25:19Z
Conferencia Nacional,http://twitter.com/search?q=%22Conferencia+Nacional%22,NA,%22Conferencia+Nacional%22,NA,Toluca,149769,2023-01-30T05:28:09Z,2023-01-28T20:25:19Z
Karchez,http://twitter.com/search?q=Karchez,NA,Karchez,26432,Toluca,149769,2023-01-30T05:28:09Z,2023-01-28T20:25:19Z
Reborn,http://twitter.com/search?q=Reborn,NA,Reborn,23307,Toluca,149769,2023-01-30T05:28:09Z,2023-01-28T20:25:19Z
Maxo,http://twitter.com/search?q=Maxo,NA,Maxo,NA,Toluca,149769,2023-01-30T05:28:09Z,2023-01-28T20:25:19Z
JUAN ROLEPLAYER DEL AÑO,http://twitter.com/search?q=%22JUAN+ROLEPLAYER+DEL+A%C3%91O%22,NA,%22JUAN+ROLEPLAYER+DEL+A%C3%91O%22,NA,Toluca,149769,2023-01-30T05:28:09Z,2023-01-28T20:25:19Z
Luzu,http://twitter.com/search?q=Luzu,NA,Luzu,48138,Toluca,149769,2023-01-30T05:28:09Z,2023-01-28T20:25:19Z
Chichén Itzá,http://twitter.com/search?q=%22Chich%C3%A9n+Itz%C3%A1%22,NA,%22Chich%C3%A9n+Itz%C3%A1%22,NA,Toluca,149769,2023-01-30T05:28:09Z,2023-01-28T20:25:19Z
Napoli,http://twitter.com/search?q=Napoli,NA,Napoli,54358,Toluca,149769,2023-01-30T05:28:09Z,2023-01-28T20:25:19Z
4to QB,http://twitter.com/search?q=%224to+QB%22,NA,%224to+QB%22,NA,Toluca,149769,2023-01-30T05:28:09Z,2023-01-28T20:25:19Z
Robleis,http://twitter.com/search?q=Robleis,NA,Robleis,20226,Toluca,149769,2023-01-30T05:28:09Z,2023-01-28T20:25:19Z
Conway,http://twitter.com/search?q=Conway,NA,Conway,NA,Toluca,149769,2023-01-30T05:28:09Z,2023-01-28T20:25:19Z
Philly,http://twitter.com/search?q=Philly,NA,Philly,95463,Toluca,149769,2023-01-30T05:28:09Z,2023-01-28T20:25:19Z
Jesucristo,http://twitter.com/search?q=Jesucristo,NA,Jesucristo,13696,Toluca,149769,2023-01-30T05:28:09Z,2023-01-28T20:25:19Z
Hurts,http://twitter.com/search?q=Hurts,NA,Hurts,127261,Toluca,149769,2023-01-30T05:28:09Z,2023-01-28T20:25:19Z
Auron,http://twitter.com/search?q=Auron,NA,Auron,30071,Toluca,149769,2023-01-30T05:28:09Z,2023-01-28T20:25:19Z
Jimmy G,http://twitter.com/search?q=%22Jimmy+G%22,NA,%22Jimmy+G%22,10364,Toluca,149769,2023-01-30T05:28:09Z,2023-01-28T20:25:19Z
Bosa,http://twitter.com/search?q=Bosa,NA,Bosa,53393,Toluca,149769,2023-01-30T05:28:09Z,2023-01-28T20:25:19Z
Juan y Ari,http://twitter.com/search?q=%22Juan+y+Ari%22,NA,%22Juan+y+Ari%22,NA,Toluca,149769,2023-01-30T05:28:09Z,2023-01-28T20:25:19Z
PROUD OF QUACKITY,http://twitter.com/search?q=%22PROUD+OF+QUACKITY%22,NA,%22PROUD+OF+QUACKITY%22,NA,Toluca,149769,2023-01-30T05:28:09Z,2023-01-28T20:25:19Z
49ers,http://twitter.com/search?q=49ers,NA,49ers,298512,Zapopan,151582,2023-01-30T05:28:09Z,2023-01-28T20:25:19Z
49ers,http://twitter.com/search?q=49ers,NA,49ers,298512,Zapopan,151582,2023-01-30T05:28:09Z,2023-01-28T20:25:19Z
#esland2023,http://twitter.com/search?q=%23esland2023,NA,%23esland2023,83484,Zapopan,151582,2023-01-30T05:28:09Z,2023-01-28T20:25:19Z
#FTTB,http://twitter.com/search?q=%23FTTB,NA,%23FTTB,34110,Zapopan,151582,2023-01-30T05:28:09Z,2023-01-28T20:25:19Z
Purdy,http://twitter.com/search?q=Purdy,NA,Purdy,105454,Zapopan,151582,2023-01-30T05:28:09Z,2023-01-28T20:25:19Z
Diana,http://twitter.com/search?q=Diana,NA,Diana,45768,Zapopan,151582,2023-01-30T05:28:09Z,2023-01-28T20:25:19Z
#NFLxFSMX,http://twitter.com/search?q=%23NFLxFSMX,NA,%23NFLxFSMX,NA,Zapopan,151582,2023-01-30T05:28:09Z,2023-01-28T20:25:19Z
Germán,http://twitter.com/search?q=Germ%C3%A1n,NA,Germ%C3%A1n,108480,Zapopan,151582,2023-01-30T05:28:09Z,2023-01-28T20:25:19Z
Jhayco,http://twitter.com/search?q=Jhayco,NA,Jhayco,NA,Zapopan,151582,2023-01-30T05:28:09Z,2023-01-28T20:25:19Z
Vicky,http://twitter.com/search?q=Vicky,NA,Vicky,30453,Zapopan,151582,2023-01-30T05:28:09Z,2023-01-28T20:25:19Z
#NFLPlayoffsEnTUDN,http://twitter.com/search?q=%23NFLPlayoffsEnTUDN,NA,%23NFLPlayoffsEnTUDN,NA,Zapopan,151582,2023-01-30T05:28:09Z,2023-01-28T20:25:19Z
Juanito,http://twitter.com/search?q=Juanito,NA,Juanito,11123,Zapopan,151582,2023-01-30T05:28:09Z,2023-01-28T20:25:19Z
Jagger,http://twitter.com/search?q=Jagger,NA,Jagger,11159,Zapopan,151582,2023-01-30T05:28:09Z,2023-01-28T20:25:19Z
#SuperBowlLVII,http://twitter.com/search?q=%23SuperBowlLVII,NA,%23SuperBowlLVII,11820,Zapopan,151582,2023-01-30T05:28:09Z,2023-01-28T20:25:19Z
Niners,http://twitter.com/search?q=Niners,NA,Niners,89124,Zapopan,151582,2023-01-30T05:28:09Z,2023-01-28T20:25:19Z
Woody,http://twitter.com/search?q=Woody,NA,Woody,26925,Zapopan,151582,2023-01-30T05:28:09Z,2023-01-28T20:25:19Z
Juanpa,http://twitter.com/search?q=Juanpa,NA,Juanpa,NA,Zapopan,151582,2023-01-30T05:28:09Z,2023-01-28T20:25:19Z
Bengals,http://twitter.com/search?q=Bengals,NA,Bengals,119997,Zapopan,151582,2023-01-30T05:28:09Z,2023-01-28T20:25:19Z
Ibai,http://twitter.com/search?q=Ibai,NA,Ibai,34061,Zapopan,151582,2023-01-30T05:28:09Z,2023-01-28T20:25:19Z
Johnson,http://twitter.com/search?q=Johnson,NA,Johnson,169831,Zapopan,151582,2023-01-30T05:28:09Z,2023-01-28T20:25:19Z
Chiefs,http://twitter.com/search?q=Chiefs,NA,Chiefs,112196,Zapopan,151582,2023-01-30T05:28:09Z,2023-01-28T20:25:19Z
Filadelfia,http://twitter.com/search?q=Filadelfia,NA,Filadelfia,NA,Zapopan,151582,2023-01-30T05:28:09Z,2023-01-28T20:25:19Z
Jordi,http://twitter.com/search?q=Jordi,NA,Jordi,16644,Zapopan,151582,2023-01-30T05:28:09Z,2023-01-28T20:25:19Z
HUMBE NEW ERA,http://twitter.com/search?q=%22HUMBE+NEW+ERA%22,NA,%22HUMBE+NEW+ERA%22,NA,Zapopan,151582,2023-01-30T05:28:09Z,2023-01-28T20:25:19Z
Trent Williams,http://twitter.com/search?q=%22Trent+Williams%22,NA,%22Trent+Williams%22,24342,Zapopan,151582,2023-01-30T05:28:09Z,2023-01-28T20:25:19Z
Shanahan,http://twitter.com/search?q=Shanahan,NA,Shanahan,23437,Zapopan,151582,2023-01-30T05:28:09Z,2023-01-28T20:25:19Z
Zilverk,http://twitter.com/search?q=Zilverk,NA,Zilverk,15018,Zapopan,151582,2023-01-30T05:28:09Z,2023-01-28T20:25:19Z
Gabriel Caballero,http://twitter.com/search?q=%22Gabriel+Caballero%22,NA,%22Gabriel+Caballero%22,NA,Zapopan,151582,2023-01-30T05:28:09Z,2023-01-28T20:25:19Z
Carola,http://twitter.com/search?q=Carola,NA,Carola,24146,Zapopan,151582,2023-01-30T05:28:09Z,2023-01-28T20:25:19Z
Jelty,http://twitter.com/search?q=Jelty,NA,Jelty,NA,Zapopan,151582,2023-01-30T05:28:09Z,2023-01-28T20:25:19Z
Lola,http://twitter.com/search?q=Lola,NA,Lola,51139,Zapopan,151582,2023-01-30T05:28:09Z,2023-01-28T20:25:19Z
Conferencia Nacional,http://twitter.com/search?q=%22Conferencia+Nacional%22,NA,%22Conferencia+Nacional%22,NA,Zapopan,151582,2023-01-30T05:28:09Z,2023-01-28T20:25:19Z
Karchez,http://twitter.com/search?q=Karchez,NA,Karchez,26432,Zapopan,151582,2023-01-30T05:28:09Z,2023-01-28T20:25:19Z
Reborn,http://twitter.com/search?q=Reborn,NA,Reborn,23307,Zapopan,151582,2023-01-30T05:28:09Z,2023-01-28T20:25:19Z
Maxo,http://twitter.com/search?q=Maxo,NA,Maxo,NA,Zapopan,151582,2023-01-30T05:28:09Z,2023-01-28T20:25:19Z
JUAN ROLEPLAYER DEL AÑO,http://twitter.com/search?q=%22JUAN+ROLEPLAYER+DEL+A%C3%91O%22,NA,%22JUAN+ROLEPLAYER+DEL+A%C3%91O%22,NA,Zapopan,151582,2023-01-30T05:28:09Z,2023-01-28T20:25:19Z
Luzu,http://twitter.com/search?q=Luzu,NA,Luzu,48138,Zapopan,151582,2023-01-30T05:28:09Z,2023-01-28T20:25:19Z
Chichén Itzá,http://twitter.com/search?q=%22Chich%C3%A9n+Itz%C3%A1%22,NA,%22Chich%C3%A9n+Itz%C3%A1%22,NA,Zapopan,151582,2023-01-30T05:28:09Z,2023-01-28T20:25:19Z
Napoli,http://twitter.com/search?q=Napoli,NA,Napoli,54358,Zapopan,151582,2023-01-30T05:28:09Z,2023-01-28T20:25:19Z
4to QB,http://twitter.com/search?q=%224to+QB%22,NA,%224to+QB%22,NA,Zapopan,151582,2023-01-30T05:28:09Z,2023-01-28T20:25:19Z
Robleis,http://twitter.com/search?q=Robleis,NA,Robleis,20226,Zapopan,151582,2023-01-30T05:28:09Z,2023-01-28T20:25:19Z
Conway,http://twitter.com/search?q=Conway,NA,Conway,NA,Zapopan,151582,2023-01-30T05:28:09Z,2023-01-28T20:25:19Z
Philly,http://twitter.com/search?q=Philly,NA,Philly,94492,Zapopan,151582,2023-01-30T05:28:09Z,2023-01-28T20:25:19Z
Jesucristo,http://twitter.com/search?q=Jesucristo,NA,Jesucristo,13696,Zapopan,151582,2023-01-30T05:28:09Z,2023-01-28T20:25:19Z
Hurts,http://twitter.com/search?q=Hurts,NA,Hurts,127261,Zapopan,151582,2023-01-30T05:28:09Z,2023-01-28T20:25:19Z
Auron,http://twitter.com/search?q=Auron,NA,Auron,30071,Zapopan,151582,2023-01-30T05:28:09Z,2023-01-28T20:25:19Z
Jimmy G,http://twitter.com/search?q=%22Jimmy+G%22,NA,%22Jimmy+G%22,10364,Zapopan,151582,2023-01-30T05:28:09Z,2023-01-28T20:25:19Z
Bosa,http://twitter.com/search?q=Bosa,NA,Bosa,53393,Zapopan,151582,2023-01-30T05:28:09Z,2023-01-28T20:25:19Z
Juan y Ari,http://twitter.com/search?q=%22Juan+y+Ari%22,NA,%22Juan+y+Ari%22,NA,Zapopan,151582,2023-01-30T05:28:09Z,2023-01-28T20:25:19Z
